\providecommand{\ColorSlowErrorPoseDataX}{
(0.025,-0.124)
(0.049,5.796)
(0.073,-0.200)
(0.099,6.016)
(0.124,-0.199)
(0.147,5.987)
(0.171,-0.400)
(0.196,6.327)
(0.217,-0.621)
(0.242,6.342)
(0.268,-0.615)
(0.294,6.404)
(0.319,-0.678)
(0.345,6.577)
(0.371,-0.914)
(0.397,6.604)
(0.421,-0.991)
(0.446,6.767)
(0.472,-0.800)
(0.497,6.352)
(0.523,-0.379)
(0.549,5.988)
(0.574,0.043)
(0.600,5.766)
(0.621,-0.303)
(0.645,6.558)
(0.670,-0.795)
(0.695,6.835)
(0.720,6.835)
(0.743,-1.134)
(0.766,7.267)
(0.791,-1.600)
(0.813,8.202)
(0.837,-2.998)
(0.863,9.264)
(0.884,-3.620)
(0.903,9.652)
(0.927,-4.238)
(0.949,10.440)
(0.973,10.440)
(0.997,10.440)
(1.015,-4.011)
(1.040,9.566)
(1.065,-3.320)
(1.090,9.319)
(1.115,-3.684)
(1.141,10.059)
(1.166,10.059)
(1.192,-3.747)
(1.216,9.349)
(1.235,-3.218)
(1.255,9.018)
(1.278,-3.209)
(1.302,9.009)
(1.326,-3.065)
(1.350,9.686)
(1.372,-4.197)
(1.397,9.814)
(1.421,-2.960)
(1.447,8.936)
(1.472,-3.120)
(1.498,9.761)
(1.524,9.761)
(1.549,-3.401)
(1.575,9.272)
(1.601,-3.233)
(1.625,9.162)
(1.651,-3.471)
(1.676,10.827)
(1.701,10.827)
(1.721,10.827)
(1.744,10.827)
(1.769,10.827)
(1.795,10.827)
(1.820,10.827)
(1.846,10.827)
(1.871,10.827)
(1.893,10.827)
(1.918,10.827)
(1.939,10.827)
(1.961,10.827)
(1.981,10.827)
(2.004,10.827)
(2.028,10.827)
(2.052,-3.908)
(2.073,9.497)
(2.096,-3.691)
(2.120,10.091)
(2.144,-4.027)
(2.170,10.548)
(2.197,10.548)
(2.222,-3.706)
(2.249,9.440)
(2.275,-1.024)
(2.299,6.360)
(2.324,0.103)
(2.348,5.751)
(2.373,3.443)
(2.399,2.620)
(2.425,3.756)
(2.450,3.047)
(2.476,3.047)
(2.501,3.047)
(2.527,-1.563)
(2.551,1.818)
(2.577,-1.857)
(2.603,2.117)
(2.629,-1.097)
(2.655,-0.768)
(2.681,1.615)
(2.706,-1.986)
(2.732,0.612)
(2.758,0.887)
(2.783,-1.536)
(2.808,0.590)
(2.833,-0.047)
(2.858,-0.420)
(2.884,1.270)
(2.909,-0.816)
(2.934,1.029)
(2.958,-0.909)
(2.983,0.360)
(3.008,0.114)
(3.034,0.445)
(3.060,-1.542)
(3.086,2.175)
(3.112,-1.317)
(3.138,0.734)
(3.162,-0.654)
(3.187,0.266)
(3.213,0.266)
(3.238,0.403)
(3.264,0.030)
(3.289,1.725)
(3.316,-3.110)
(3.342,4.536)
(3.366,-4.909)
(3.391,1.791)
(3.417,0.754)
(3.442,-1.217)
(3.467,1.181)
(3.491,-1.345)
(3.516,2.453)
(3.543,-2.579)
(3.568,2.908)
(3.593,-2.235)
(3.611,1.857)
(3.634,-1.740)
(3.659,-1.740)
(3.684,2.794)
(3.710,-3.254)
(3.734,3.465)
(3.761,-2.978)
(3.787,2.444)
(3.812,-2.054)
(3.837,2.421)
(3.862,-2.634)
(3.888,2.130)
(3.914,-2.000)
(3.940,2.565)
(3.965,-2.261)
(3.990,1.803)
(4.016,-1.588)
(4.041,1.503)
(4.062,-1.749)
(4.085,1.802)
(4.110,-1.297)
(4.135,0.800)
(4.161,-1.711)
(4.187,-1.711)
(4.213,1.418)
(4.240,-1.040)
(4.265,0.988)
(4.290,-1.314)
(4.315,1.408)
(4.340,-1.603)
(4.366,2.373)
(4.392,-2.486)
(4.417,2.607)
(4.442,2.607)
(4.468,-2.010)
(4.494,-2.010)
(4.520,2.217)
(4.545,-2.014)
(4.570,1.866)
(4.596,-1.804)
(4.622,1.700)
(4.648,-1.529)
(4.673,0.928)
(4.700,-0.743)
(4.726,0.577)
(4.750,-0.887)
(4.774,1.112)
(4.799,-0.496)
(4.826,0.057)
(4.852,-1.098)
(4.877,1.575)
(4.903,-1.584)
(4.929,-1.584)
(4.953,2.367)
(4.979,-2.354)
(5.005,-6.143)
(5.031,-6.143)
(5.057,-0.613)
(5.082,-5.786)
(5.108,-1.355)
(5.133,-5.168)
(5.158,-1.885)
(5.184,-4.845)
(5.210,-2.475)
(5.236,-4.518)
(5.261,-2.087)
(5.286,-4.182)
(5.312,-3.000)
(5.338,-2.317)
(5.360,-3.742)
(5.383,-2.550)
(5.407,-3.967)
(5.431,-2.663)
(5.455,-2.727)
(5.479,-3.695)
(5.503,-2.425)
(5.526,-4.054)
(5.552,-0.752)
(5.577,-5.451)
(5.603,-0.662)
(5.626,-4.801)
(5.651,-2.148)
(5.677,-3.346)
(5.703,-2.951)
(5.727,-2.596)
(5.752,-4.017)
(5.777,-4.017)
(5.803,-1.438)
(5.828,-4.295)
(5.854,-4.295)
(5.879,-0.836)
(5.904,-4.795)
(5.929,-1.278)
(5.954,-4.607)
(5.978,-1.050)
(5.998,-5.221)
(6.016,-0.682)
(6.039,-4.810)
(6.062,-1.064)
(6.086,-4.736)
(6.108,-1.329)
(6.130,-4.087)
(6.152,-1.732)
(6.176,-4.126)
(6.198,-1.794)
(6.223,-4.092)
(6.245,-2.169)
(6.271,-3.328)
(6.297,-2.484)
(6.322,-3.163)
(6.346,-3.387)
(6.369,-1.757)
(6.394,-3.907)
(6.419,-2.002)
(6.444,-3.952)
(6.468,-1.697)
(6.493,-4.512)
(6.517,-0.682)
(6.539,-5.279)
(6.563,-0.543)
(6.587,-4.888)
(6.612,-1.066)
(6.636,-4.817)
(6.660,-1.363)
(6.684,-4.147)
(6.707,-1.806)
(6.731,-4.037)
(6.756,-1.668)
(6.781,-3.655)
(6.806,-2.127)
(6.832,-3.856)
(6.858,-1.853)
(6.884,-4.234)
(6.908,-1.444)
(6.934,-4.530)
(6.960,-1.097)
(6.985,-4.910)
(7.010,-4.910)
(7.036,-0.688)
(7.062,-5.000)
(7.087,-5.000)
(7.110,-0.838)
(7.135,-4.772)
(7.159,-1.252)
(7.182,-4.399)
(7.205,-1.683)
(7.228,-4.175)
(7.252,-1.929)
(7.275,-3.919)
(7.299,-1.498)
(7.323,-4.734)
(7.347,-0.912)
(7.371,-5.029)
(7.394,-1.025)
(7.418,-4.468)
(7.442,4.384)
(7.467,-4.332)
(7.491,4.368)
(7.516,-4.400)
(7.541,4.397)
(7.565,-4.486)
(7.591,-4.486)
(7.616,4.396)
(7.639,-4.501)
(7.664,4.611)
(7.690,-4.835)
(7.715,4.794)
(7.741,-4.366)
(7.766,4.212)
(7.790,-4.221)
(7.815,4.165)
(7.839,-4.255)
(7.864,4.462)
(7.889,-4.470)
(7.915,4.430)
(7.940,4.430)
(7.966,-4.299)
(7.992,4.381)
(8.018,-4.380)
(8.043,4.009)
(8.068,-3.848)
(8.093,3.836)
(8.118,-3.582)
(8.143,3.275)
(8.168,-3.285)
(8.193,3.103)
(8.219,-2.723)
(8.245,2.807)
(8.271,-2.848)
(8.296,2.981)
(8.320,-3.120)
(8.345,3.261)
(8.371,-3.449)
(8.396,3.458)
(8.422,-3.400)
(8.448,3.341)
(8.473,-3.250)
(8.498,3.323)
(8.524,-3.439)
(8.550,3.361)
(8.575,-3.478)
(8.600,3.375)
(8.626,-3.197)
(8.652,3.226)
(8.677,-3.335)
(8.702,3.469)
(8.728,-3.552)
(8.753,3.642)
(8.777,-3.670)
(8.802,3.546)
(8.826,-3.417)
(8.850,-3.417)
(8.875,3.329)
(8.900,-3.294)
(8.925,3.258)
(8.951,-2.995)
(8.976,3.084)
(9.001,-3.220)
(9.025,2.970)
(9.050,-2.603)
(9.074,2.569)
(9.099,-2.823)
(9.124,2.973)
(9.149,-3.049)
(9.174,2.814)
(9.200,-2.279)
(9.225,2.125)
(9.251,-2.152)
(9.277,1.838)
(9.303,-1.451)
(9.329,1.183)
(9.355,-1.097)
(9.381,1.000)
(9.407,1.000)
(9.432,-0.862)
(9.456,0.630)
(9.482,-0.495)
(9.508,-0.495)
(9.534,0.443)
(9.560,-0.310)
(9.586,0.289)
(9.611,-0.146)
(9.636,-0.201)
(9.662,0.518)
(9.687,-0.405)
(9.713,-0.018)
(9.739,0.362)
(9.765,-0.441)
(9.790,0.596)
(9.816,-0.526)
(9.841,-0.065)
(9.866,0.622)
(9.892,-1.080)
(9.917,1.392)
(9.943,-1.231)
(9.969,6.870)
(9.995,-1.016)
(10.021,6.724)
(10.047,-0.709)
(10.073,6.415)
(10.099,-0.416)
(10.124,6.059)
(10.150,-0.220)
(10.176,6.085)
(10.201,-0.578)
(10.225,-0.578)
(10.251,6.501)
(10.277,6.501)
(10.302,-0.644)
(10.328,6.269)
(10.354,-0.294)
(10.380,6.106)
(10.406,-0.329)
(10.432,6.118)
(10.457,-0.596)
(10.483,6.694)
(10.509,-0.949)
(10.534,7.197)
(10.559,-1.558)
(10.585,7.360)
(10.610,-1.920)
(10.636,7.596)
(10.661,-1.370)
(10.686,7.563)
(10.711,-1.897)
(10.737,7.598)
(10.758,-1.700)
(10.782,7.971)
(10.807,-2.692)
(10.831,8.650)
(10.856,-3.193)
(10.881,9.350)
(10.908,-3.273)
(10.934,8.983)
(10.959,-3.073)
(10.985,8.988)
(11.011,-2.922)
(11.037,8.707)
(11.063,-2.723)
(11.088,8.719)
(11.112,-3.101)
(11.137,9.106)
(11.163,-3.405)
(11.188,9.705)
(11.214,-3.858)
(11.239,9.558)
(11.265,-3.328)
(11.289,8.928)
(11.314,-2.835)
(11.339,8.461)
(11.364,-2.472)
(11.389,8.983)
(11.414,8.983)
(11.440,-3.638)
(11.466,9.658)
(11.490,-3.445)
(11.515,9.336)
(11.540,-3.084)
(11.565,9.307)
(11.590,-3.281)
(11.615,9.369)
(11.640,-3.454)
(11.665,9.469)
(11.691,-3.332)
(11.715,9.082)
(11.738,9.082)
(11.762,-3.461)
(11.787,9.433)
(11.811,-2.709)
(11.836,8.071)
(11.861,-1.383)
(11.886,7.048)
(11.912,0.722)
(11.937,5.229)
(11.961,0.066)
(11.986,6.807)
(12.011,-0.273)
(12.035,6.456)
(12.059,-0.225)
(12.083,5.241)
(12.108,1.590)
(12.133,4.979)
(12.159,0.448)
(12.184,5.950)
(12.209,5.950)
(12.233,0.946)
(12.257,0.946)
(12.282,5.343)
(12.305,2.517)
(12.327,4.114)
(12.351,3.013)
(12.376,3.769)
(12.402,3.488)
(12.427,2.816)
}