\newcommand{\cameraPoseData}{
(0.000,-0.319,1.694,-3.142,-0.000,-1.570)
(-0.004,-0.319,1.693,3.133,0.001,-1.570)
(-0.005,-0.319,1.693,3.132,0.001,-1.570)
(-0.008,-0.319,1.693,3.125,0.002,-1.570)
(-0.012,-0.319,1.693,3.117,0.003,-1.570)
(-0.014,-0.319,1.694,3.114,0.003,-1.570)
(-0.017,-0.319,1.694,3.106,0.004,-1.570)
(-0.019,-0.319,1.694,3.104,0.005,-1.570)
(-0.022,-0.318,1.694,3.097,0.006,-1.570)
(-0.024,-0.318,1.694,3.093,0.007,-1.570)
(-0.027,-0.318,1.694,3.087,0.008,-1.569)
(-0.029,-0.318,1.694,3.083,0.008,-1.570)
(-0.032,-0.317,1.694,3.077,0.009,-1.569)
(-0.034,-0.317,1.694,3.073,0.010,-1.569)
(-0.037,-0.316,1.694,3.067,0.011,-1.569)
(-0.039,-0.316,1.694,3.064,0.011,-1.569)
(-0.042,-0.316,1.694,3.057,0.012,-1.568)
(-0.044,-0.316,1.694,3.054,0.013,-1.568)
(-0.047,-0.315,1.694,3.048,0.014,-1.568)
(-0.048,-0.315,1.694,3.045,0.014,-1.569)
(-0.051,-0.314,1.694,3.039,0.015,-1.568)
(-0.053,-0.314,1.694,3.034,0.016,-1.568)
(-0.055,-0.313,1.694,3.031,0.017,-1.568)
(-0.058,-0.313,1.695,3.024,0.018,-1.567)
(-0.059,-0.313,1.695,3.022,0.018,-1.567)
(-0.062,-0.312,1.695,3.016,0.019,-1.567)
(-0.064,-0.311,1.695,3.013,0.020,-1.567)
(-0.067,-0.311,1.695,3.007,0.021,-1.566)
(-0.068,-0.310,1.695,3.004,0.021,-1.566)
(-0.071,-0.309,1.695,2.998,0.022,-1.566)
(-0.072,-0.309,1.695,2.995,0.022,-1.565)
(-0.075,-0.308,1.695,2.990,0.023,-1.565)
(-0.076,-0.308,1.695,2.987,0.024,-1.565)
(-0.078,-0.308,1.695,2.983,0.025,-1.565)
(-0.077,-0.308,1.695,2.985,0.024,-1.565)
(-0.078,-0.308,1.695,2.984,0.024,-1.565)
(-0.077,-0.308,1.695,2.986,0.024,-1.565)
(-0.078,-0.308,1.695,2.984,0.024,-1.565)
(-0.077,-0.308,1.695,2.985,0.024,-1.565)
(-0.078,-0.308,1.695,2.984,0.025,-1.565)
(-0.077,-0.308,1.695,2.985,0.024,-1.565)
(-0.078,-0.308,1.695,2.984,0.025,-1.565)
(-0.077,-0.308,1.695,2.986,0.024,-1.565)
(-0.078,-0.308,1.695,2.984,0.025,-1.565)
(-0.077,-0.308,1.695,2.985,0.024,-1.565)
(-0.078,-0.308,1.695,2.984,0.024,-1.565)
(-0.077,-0.308,1.695,2.984,0.024,-1.565)
(-0.077,-0.308,1.695,2.984,0.024,-1.565)
(-0.077,-0.308,1.695,2.984,0.024,-1.565)
(-0.077,-0.308,1.695,2.985,0.024,-1.565)
(-0.078,-0.308,1.695,2.984,0.024,-1.565)
(-0.077,-0.308,1.695,2.985,0.024,-1.565)
(-0.078,-0.308,1.695,2.984,0.024,-1.565)
(-0.078,-0.308,1.695,2.984,0.024,-1.565)
(-0.078,-0.308,1.695,2.984,0.024,-1.565)
(-0.077,-0.308,1.695,2.985,0.024,-1.565)
(-0.078,-0.307,1.695,2.983,0.025,-1.565)
(-0.078,-0.308,1.695,2.984,0.024,-1.565)
(-0.078,-0.308,1.695,2.984,0.024,-1.565)
(-0.077,-0.308,1.695,2.985,0.024,-1.565)
(-0.078,-0.308,1.695,2.983,0.025,-1.565)
(-0.077,-0.308,1.695,2.985,0.024,-1.565)
(-0.078,-0.307,1.695,2.983,0.025,-1.565)
(-0.077,-0.308,1.695,2.985,0.024,-1.565)
(-0.078,-0.308,1.695,2.984,0.025,-1.565)
(-0.077,-0.308,1.695,2.984,0.024,-1.565)
(-0.078,-0.308,1.695,2.984,0.024,-1.565)
(-0.073,-0.308,1.697,2.993,0.022,-1.561)
(-0.073,-0.308,1.697,2.994,0.022,-1.561)
(-0.069,-0.308,1.698,3.001,0.020,-1.558)
(-0.068,-0.308,1.699,3.003,0.020,-1.557)
(-0.065,-0.308,1.700,3.010,0.018,-1.554)
(-0.063,-0.308,1.700,3.012,0.018,-1.552)
(-0.060,-0.308,1.701,3.019,0.016,-1.550)
(-0.059,-0.307,1.702,3.021,0.016,-1.548)
(-0.055,-0.307,1.703,3.029,0.014,-1.546)
(-0.054,-0.307,1.704,3.030,0.013,-1.544)
(-0.050,-0.307,1.704,3.038,0.011,-1.542)
(-0.049,-0.307,1.705,3.040,0.011,-1.539)
(-0.045,-0.307,1.706,3.048,0.009,-1.537)
(-0.045,-0.306,1.707,3.049,0.009,-1.535)
(-0.040,-0.306,1.708,3.057,0.007,-1.533)
(-0.039,-0.306,1.709,3.060,0.006,-1.531)
(-0.036,-0.305,1.710,3.066,0.004,-1.528)
(-0.034,-0.305,1.710,3.070,0.003,-1.526)
(-0.031,-0.305,1.711,3.076,0.002,-1.524)
(-0.029,-0.304,1.712,3.080,0.001,-1.522)
(-0.026,-0.304,1.713,3.085,-0.001,-1.519)
(-0.024,-0.304,1.714,3.090,-0.002,-1.517)
(-0.021,-0.303,1.715,3.095,-0.003,-1.515)
(-0.018,-0.303,1.716,3.100,-0.005,-1.513)
(-0.016,-0.302,1.717,3.105,-0.006,-1.510)
(-0.014,-0.301,1.718,3.110,-0.007,-1.508)
(-0.011,-0.301,1.718,3.114,-0.008,-1.505)
(-0.008,-0.300,1.719,3.120,-0.010,-1.502)
(-0.006,-0.300,1.720,3.124,-0.011,-1.501)
(-0.003,-0.299,1.721,3.130,-0.013,-1.498)
(-0.001,-0.298,1.722,3.134,-0.014,-1.496)
(0.002,-0.298,1.723,3.139,-0.016,-1.493)
(0.004,-0.297,1.723,-3.140,-0.017,-1.492)
(0.003,-0.297,1.724,-3.141,-0.016,-1.491)
(0.004,-0.297,1.724,-3.140,-0.017,-1.492)
(0.003,-0.297,1.724,-3.141,-0.016,-1.491)
(0.004,-0.297,1.724,-3.140,-0.017,-1.492)
(0.003,-0.297,1.724,-3.141,-0.016,-1.492)
(0.004,-0.297,1.724,-3.140,-0.017,-1.492)
(0.003,-0.297,1.724,-3.141,-0.016,-1.491)
(0.004,-0.297,1.723,-3.140,-0.017,-1.492)
(0.003,-0.297,1.724,-3.140,-0.017,-1.491)
(0.004,-0.297,1.723,-3.140,-0.017,-1.492)
(0.004,-0.297,1.724,-3.140,-0.017,-1.491)
(0.004,-0.297,1.723,-3.140,-0.017,-1.492)
(0.004,-0.297,1.724,-3.140,-0.017,-1.491)
(0.004,-0.297,1.724,-3.140,-0.017,-1.492)
(0.004,-0.297,1.724,-3.140,-0.017,-1.491)
(0.004,-0.297,1.724,-3.140,-0.017,-1.492)
(0.003,-0.297,1.724,-3.140,-0.017,-1.491)
(0.004,-0.297,1.723,-3.140,-0.017,-1.492)
(0.003,-0.297,1.724,-3.141,-0.016,-1.491)
(0.004,-0.297,1.723,-3.140,-0.017,-1.492)
(0.003,-0.297,1.724,-3.141,-0.016,-1.491)
(0.004,-0.297,1.723,-3.140,-0.017,-1.492)
(0.003,-0.297,1.724,-3.141,-0.016,-1.491)
(0.004,-0.297,1.724,-3.140,-0.017,-1.492)
(0.003,-0.297,1.724,-3.141,-0.016,-1.491)
(0.004,-0.297,1.724,-3.140,-0.017,-1.492)
(0.003,-0.297,1.724,-3.141,-0.016,-1.492)
(0.004,-0.297,1.724,-3.140,-0.017,-1.492)
(0.003,-0.297,1.724,-3.141,-0.016,-1.491)
(0.004,-0.297,1.723,-3.140,-0.017,-1.492)
(0.003,-0.297,1.724,-3.141,-0.016,-1.491)
(0.004,-0.297,1.724,-3.140,-0.017,-1.492)
(0.004,-0.297,1.724,-3.140,-0.017,-1.492)
(0.002,-0.297,1.724,3.140,-0.016,-1.491)
(-0.001,-0.297,1.723,3.133,-0.014,-1.492)
(-0.003,-0.297,1.724,3.130,-0.013,-1.491)
(-0.006,-0.297,1.724,3.124,-0.011,-1.492)
(-0.008,-0.297,1.724,3.121,-0.010,-1.491)
(-0.011,-0.297,1.723,3.114,-0.008,-1.492)
(-0.013,-0.297,1.724,3.110,-0.007,-1.492)
(-0.016,-0.297,1.723,3.105,-0.006,-1.492)
(-0.018,-0.296,1.724,3.101,-0.004,-1.492)
(-0.021,-0.296,1.723,3.096,-0.003,-1.492)
(-0.023,-0.296,1.723,3.091,-0.002,-1.492)
(-0.025,-0.296,1.724,3.086,-0.000,-1.492)
(-0.028,-0.296,1.723,3.082,0.001,-1.492)
(-0.030,-0.295,1.723,3.077,0.002,-1.492)
(-0.032,-0.295,1.723,3.072,0.004,-1.492)
(-0.035,-0.295,1.723,3.068,0.005,-1.492)
(-0.037,-0.294,1.724,3.063,0.006,-1.491)
(-0.039,-0.294,1.723,3.059,0.007,-1.492)
(-0.042,-0.294,1.724,3.054,0.009,-1.491)
(-0.044,-0.294,1.723,3.050,0.010,-1.492)
(-0.046,-0.293,1.724,3.045,0.011,-1.491)
(-0.049,-0.293,1.723,3.041,0.013,-1.492)
(-0.051,-0.292,1.723,3.037,0.014,-1.491)
(-0.053,-0.292,1.723,3.032,0.015,-1.491)
(-0.055,-0.291,1.723,3.028,0.017,-1.491)
(-0.057,-0.291,1.723,3.024,0.018,-1.491)
(-0.059,-0.291,1.723,3.020,0.019,-1.491)
(-0.061,-0.290,1.723,3.016,0.020,-1.491)
(-0.063,-0.290,1.723,3.011,0.022,-1.491)
(-0.065,-0.290,1.723,3.008,0.023,-1.492)
(-0.067,-0.289,1.723,3.003,0.024,-1.491)
(-0.069,-0.288,1.723,3.000,0.025,-1.491)
(-0.071,-0.288,1.723,2.995,0.026,-1.492)
(-0.074,-0.287,1.723,2.991,0.028,-1.491)
}