\newcommand{\qRobotData}[0]{
(0, -0.000)
(1, -0.002)
(2, -0.002)
(3, -0.003)
(4, -0.004)
(5, -0.005)
(6, -0.006)
(7, -0.006)
(8, -0.007)
(9, -0.008)
(10, -0.009)
(11, -0.010)
(12, -0.011)
(13, -0.012)
(14, -0.013)
(15, -0.014)
(16, -0.014)
(17, -0.015)
(18, -0.016)
(19, -0.017)
(20, -0.018)
(21, -0.019)
(22, -0.020)
(23, -0.021)
(24, -0.022)
(25, -0.022)
(26, -0.023)
(27, -0.024)
(28, -0.025)
(29, -0.026)
(30, -0.027)
(31, -0.028)
(32, -0.029)
(33, -0.030)
(34, -0.030)
(35, -0.031)
(36, -0.032)
(37, -0.033)
(38, -0.034)
(39, -0.035)
(40, -0.036)
(41, -0.037)
(42, -0.038)
(43, -0.039)
(44, -0.039)
(45, -0.040)
(46, -0.041)
(47, -0.042)
(48, -0.043)
(49, -0.044)
(50, -0.045)
(51, -0.046)
(52, -0.047)
(53, -0.048)
(54, -0.048)
(55, -0.049)
(56, -0.050)
(57, -0.051)
(58, -0.052)
(59, -0.053)
(60, -0.054)
(61, -0.055)
(62, -0.056)
(63, -0.057)
(64, -0.057)
(65, -0.058)
(66, -0.059)
(67, -0.060)
(68, -0.061)
(69, -0.062)
(70, -0.063)
(71, -0.064)
(72, -0.065)
(73, -0.066)
(74, -0.067)
(75, -0.067)
(76, -0.068)
(77, -0.069)
(78, -0.070)
(79, -0.071)
(80, -0.072)
(81, -0.073)
(82, -0.074)
(83, -0.075)
(84, -0.076)
(85, -0.077)
(86, -0.077)
(87, -0.078)
(88, -0.079)
(89, -0.080)
(90, -0.081)
(91, -0.082)
(92, -0.083)
(93, -0.084)
(94, -0.085)
(95, -0.086)
(96, -0.087)
(97, -0.087)
(98, -0.088)
(99, -0.089)
(100, -0.090)
(101, -0.090)
(102, -0.090)
(103, -0.090)
(104, -0.090)
(105, -0.090)
(106, -0.090)
(107, -0.090)
(108, -0.090)
(109, -0.090)
(110, -0.090)
(111, -0.090)
(112, -0.090)
(113, -0.090)
(114, -0.090)
(115, -0.090)
(116, -0.090)
(117, -0.090)
(118, -0.090)
(119, -0.090)
(120, -0.090)
(121, -0.090)
(122, -0.090)
(123, -0.090)
(124, -0.090)
(125, -0.090)
(126, -0.090)
(127, -0.090)
(128, -0.090)
(129, -0.090)
(130, -0.090)
(131, -0.090)
(132, -0.090)
(133, -0.090)
(134, -0.090)
(135, -0.090)
(136, -0.090)
(137, -0.090)
(138, -0.090)
(139, -0.090)
(140, -0.090)
(141, -0.090)
(142, -0.090)
(143, -0.090)
(144, -0.090)
(145, -0.090)
(146, -0.090)
(147, -0.090)
(148, -0.090)
(149, -0.090)
(150, -0.090)
(151, -0.090)
(152, -0.090)
(153, -0.090)
(154, -0.090)
(155, -0.090)
(156, -0.090)
(157, -0.090)
(158, -0.090)
(159, -0.090)
(160, -0.090)
(161, -0.090)
(162, -0.090)
(163, -0.090)
(164, -0.090)
(165, -0.090)
(166, -0.090)
(167, -0.090)
(168, -0.090)
(169, -0.090)
(170, -0.090)
(171, -0.090)
(172, -0.090)
(173, -0.090)
(174, -0.090)
(175, -0.090)
(176, -0.090)
(177, -0.090)
(178, -0.090)
(179, -0.090)
(180, -0.090)
(181, -0.090)
(182, -0.090)
(183, -0.090)
(184, -0.090)
(185, -0.090)
(186, -0.090)
(187, -0.090)
(188, -0.090)
(189, -0.090)
(190, -0.090)
(191, -0.090)
(192, -0.090)
(193, -0.090)
(194, -0.090)
(195, -0.090)
(196, -0.090)
(197, -0.090)
(198, -0.090)
(199, -0.090)
(200, -0.090)
(201, -0.088)
(202, -0.088)
(203, -0.086)
(204, -0.086)
(205, -0.085)
(206, -0.084)
(207, -0.083)
(208, -0.082)
(209, -0.081)
(210, -0.080)
(211, -0.079)
(212, -0.078)
(213, -0.077)
(214, -0.076)
(215, -0.075)
(216, -0.074)
(217, -0.073)
(218, -0.073)
(219, -0.072)
(220, -0.071)
(221, -0.070)
(222, -0.069)
(223, -0.068)
(224, -0.067)
(225, -0.066)
(226, -0.065)
(227, -0.064)
(228, -0.063)
(229, -0.062)
(230, -0.061)
(231, -0.061)
(232, -0.060)
(233, -0.059)
(234, -0.058)
(235, -0.057)
(236, -0.056)
(237, -0.055)
(238, -0.054)
(239, -0.053)
(240, -0.052)
(241, -0.052)
(242, -0.051)
(243, -0.050)
(244, -0.049)
(245, -0.048)
(246, -0.047)
(247, -0.046)
(248, -0.045)
(249, -0.044)
(250, -0.044)
(251, -0.043)
(252, -0.042)
(253, -0.041)
(254, -0.040)
(255, -0.039)
(256, -0.038)
(257, -0.037)
(258, -0.037)
(259, -0.036)
(260, -0.035)
(261, -0.034)
(262, -0.033)
(263, -0.032)
(264, -0.031)
(265, -0.031)
(266, -0.030)
(267, -0.029)
(268, -0.028)
(269, -0.027)
(270, -0.026)
(271, -0.025)
(272, -0.025)
(273, -0.024)
(274, -0.023)
(275, -0.022)
(276, -0.021)
(277, -0.020)
(278, -0.019)
(279, -0.019)
(280, -0.018)
(281, -0.017)
(282, -0.016)
(283, -0.015)
(284, -0.014)
(285, -0.014)
(286, -0.013)
(287, -0.012)
(288, -0.011)
(289, -0.010)
(290, -0.009)
(291, -0.009)
(292, -0.008)
(293, -0.007)
(294, -0.006)
(295, -0.005)
(296, -0.005)
(297, -0.004)
(298, -0.003)
(299, -0.002)
(300, -0.001)
(301, -0.002)
(302, -0.002)
(303, -0.002)
(304, -0.002)
(305, -0.002)
(306, -0.002)
(307, -0.002)
(308, -0.002)
(309, -0.002)
(310, -0.002)
(311, -0.002)
(312, -0.002)
(313, -0.002)
(314, -0.002)
(315, -0.002)
(316, -0.002)
(317, -0.002)
(318, -0.002)
(319, -0.002)
(320, -0.002)
(321, -0.002)
(322, -0.002)
(323, -0.002)
(324, -0.002)
(325, -0.002)
(326, -0.002)
(327, -0.002)
(328, -0.002)
(329, -0.002)
(330, -0.002)
(331, -0.002)
(332, -0.002)
(333, -0.002)
(334, -0.002)
(335, -0.002)
(336, -0.002)
(337, -0.002)
(338, -0.002)
(339, -0.002)
(340, -0.002)
(341, -0.002)
(342, -0.002)
(343, -0.002)
(344, -0.002)
(345, -0.002)
(346, -0.002)
(347, -0.002)
(348, -0.002)
(349, -0.002)
(350, -0.002)
(351, -0.002)
(352, -0.002)
(353, -0.002)
(354, -0.002)
(355, -0.002)
(356, -0.002)
(357, -0.002)
(358, -0.002)
(359, -0.002)
(360, -0.002)
(361, -0.002)
(362, -0.002)
(363, -0.002)
(364, -0.002)
(365, -0.002)
(366, -0.002)
(367, -0.002)
(368, -0.002)
(369, -0.002)
(370, -0.002)
(371, -0.002)
(372, -0.002)
(373, -0.002)
(374, -0.002)
(375, -0.002)
(376, -0.002)
(377, -0.002)
(378, -0.002)
(379, -0.002)
(380, -0.002)
(381, -0.002)
(382, -0.002)
(383, -0.002)
(384, -0.002)
(385, -0.002)
(386, -0.002)
(387, -0.002)
(388, -0.002)
(389, -0.002)
(390, -0.002)
(391, -0.002)
(392, -0.002)
(393, -0.002)
(394, -0.002)
(395, -0.002)
(396, -0.002)
(397, -0.002)
(398, -0.002)
(399, -0.002)
(400, -0.002)
(401, -0.003)
(402, -0.004)
(403, -0.004)
(404, -0.005)
(405, -0.006)
(406, -0.007)
(407, -0.007)
(408, -0.008)
(409, -0.009)
(410, -0.010)
(411, -0.011)
(412, -0.011)
(413, -0.012)
(414, -0.013)
(415, -0.014)
(416, -0.014)
(417, -0.015)
(418, -0.016)
(419, -0.017)
(420, -0.018)
(421, -0.018)
(422, -0.019)
(423, -0.020)
(424, -0.021)
(425, -0.022)
(426, -0.022)
(427, -0.023)
(428, -0.024)
(429, -0.025)
(430, -0.025)
(431, -0.026)
(432, -0.027)
(433, -0.028)
(434, -0.029)
(435, -0.029)
(436, -0.030)
(437, -0.031)
(438, -0.032)
(439, -0.032)
(440, -0.033)
(441, -0.034)
(442, -0.035)
(443, -0.036)
(444, -0.036)
(445, -0.037)
(446, -0.038)
(447, -0.039)
(448, -0.040)
(449, -0.040)
(450, -0.041)
(451, -0.042)
(452, -0.043)
(453, -0.044)
(454, -0.044)
(455, -0.045)
(456, -0.046)
(457, -0.047)
(458, -0.047)
(459, -0.048)
(460, -0.049)
(461, -0.050)
(462, -0.051)
(463, -0.051)
(464, -0.052)
(465, -0.053)
(466, -0.054)
(467, -0.055)
(468, -0.055)
(469, -0.056)
(470, -0.057)
(471, -0.058)
(472, -0.058)
(473, -0.059)
(474, -0.060)
(475, -0.061)
(476, -0.062)
(477, -0.062)
(478, -0.063)
(479, -0.064)
(480, -0.065)
(481, -0.066)
(482, -0.066)
(483, -0.067)
(484, -0.068)
(485, -0.069)
(486, -0.069)
(487, -0.070)
(488, -0.071)
(489, -0.072)
(490, -0.073)
(491, -0.073)
(492, -0.074)
(493, -0.075)
(494, -0.076)
(495, -0.077)
(496, -0.077)
(497, -0.078)
(498, -0.079)
(499, -0.080)
(500, -0.080)
}

\newcommand{\qRobotData}[1]{
(0, -0.650)
(1, -0.651)
(2, -0.652)
(3, -0.653)
(4, -0.653)
(5, -0.654)
(6, -0.655)
(7, -0.655)
(8, -0.656)
(9, -0.657)
(10, -0.658)
(11, -0.658)
(12, -0.659)
(13, -0.660)
(14, -0.661)
(15, -0.661)
(16, -0.662)
(17, -0.663)
(18, -0.664)
(19, -0.665)
(20, -0.665)
(21, -0.666)
(22, -0.667)
(23, -0.668)
(24, -0.668)
(25, -0.669)
(26, -0.670)
(27, -0.671)
(28, -0.672)
(29, -0.672)
(30, -0.673)
(31, -0.674)
(32, -0.675)
(33, -0.675)
(34, -0.676)
(35, -0.677)
(36, -0.678)
(37, -0.679)
(38, -0.679)
(39, -0.680)
(40, -0.681)
(41, -0.682)
(42, -0.683)
(43, -0.684)
(44, -0.684)
(45, -0.685)
(46, -0.686)
(47, -0.687)
(48, -0.688)
(49, -0.688)
(50, -0.689)
(51, -0.690)
(52, -0.691)
(53, -0.692)
(54, -0.693)
(55, -0.693)
(56, -0.694)
(57, -0.695)
(58, -0.696)
(59, -0.697)
(60, -0.698)
(61, -0.698)
(62, -0.699)
(63, -0.700)
(64, -0.701)
(65, -0.702)
(66, -0.703)
(67, -0.704)
(68, -0.704)
(69, -0.705)
(70, -0.706)
(71, -0.707)
(72, -0.708)
(73, -0.709)
(74, -0.710)
(75, -0.710)
(76, -0.711)
(77, -0.712)
(78, -0.713)
(79, -0.714)
(80, -0.715)
(81, -0.716)
(82, -0.716)
(83, -0.717)
(84, -0.718)
(85, -0.719)
(86, -0.720)
(87, -0.721)
(88, -0.722)
(89, -0.723)
(90, -0.723)
(91, -0.724)
(92, -0.725)
(93, -0.726)
(94, -0.727)
(95, -0.728)
(96, -0.729)
(97, -0.730)
(98, -0.730)
(99, -0.731)
(100, -0.732)
(101, -0.732)
(102, -0.732)
(103, -0.732)
(104, -0.732)
(105, -0.732)
(106, -0.732)
(107, -0.732)
(108, -0.732)
(109, -0.732)
(110, -0.732)
(111, -0.732)
(112, -0.732)
(113, -0.732)
(114, -0.732)
(115, -0.732)
(116, -0.732)
(117, -0.732)
(118, -0.732)
(119, -0.732)
(120, -0.732)
(121, -0.732)
(122, -0.732)
(123, -0.732)
(124, -0.732)
(125, -0.732)
(126, -0.732)
(127, -0.732)
(128, -0.732)
(129, -0.732)
(130, -0.732)
(131, -0.732)
(132, -0.732)
(133, -0.732)
(134, -0.732)
(135, -0.732)
(136, -0.732)
(137, -0.732)
(138, -0.732)
(139, -0.732)
(140, -0.732)
(141, -0.732)
(142, -0.732)
(143, -0.732)
(144, -0.732)
(145, -0.732)
(146, -0.732)
(147, -0.732)
(148, -0.732)
(149, -0.732)
(150, -0.732)
(151, -0.732)
(152, -0.732)
(153, -0.732)
(154, -0.732)
(155, -0.732)
(156, -0.732)
(157, -0.732)
(158, -0.732)
(159, -0.732)
(160, -0.732)
(161, -0.732)
(162, -0.732)
(163, -0.732)
(164, -0.732)
(165, -0.732)
(166, -0.732)
(167, -0.732)
(168, -0.732)
(169, -0.732)
(170, -0.732)
(171, -0.732)
(172, -0.732)
(173, -0.732)
(174, -0.732)
(175, -0.732)
(176, -0.732)
(177, -0.732)
(178, -0.732)
(179, -0.732)
(180, -0.732)
(181, -0.732)
(182, -0.732)
(183, -0.732)
(184, -0.732)
(185, -0.732)
(186, -0.732)
(187, -0.732)
(188, -0.732)
(189, -0.732)
(190, -0.732)
(191, -0.732)
(192, -0.732)
(193, -0.732)
(194, -0.732)
(195, -0.732)
(196, -0.732)
(197, -0.732)
(198, -0.732)
(199, -0.732)
(200, -0.732)
(201, -0.730)
(202, -0.730)
(203, -0.729)
(204, -0.728)
(205, -0.727)
(206, -0.726)
(207, -0.726)
(208, -0.725)
(209, -0.724)
(210, -0.723)
(211, -0.722)
(212, -0.721)
(213, -0.721)
(214, -0.720)
(215, -0.719)
(216, -0.718)
(217, -0.717)
(218, -0.716)
(219, -0.716)
(220, -0.715)
(221, -0.714)
(222, -0.713)
(223, -0.712)
(224, -0.712)
(225, -0.711)
(226, -0.710)
(227, -0.709)
(228, -0.708)
(229, -0.708)
(230, -0.707)
(231, -0.706)
(232, -0.705)
(233, -0.704)
(234, -0.704)
(235, -0.703)
(236, -0.702)
(237, -0.701)
(238, -0.701)
(239, -0.700)
(240, -0.699)
(241, -0.698)
(242, -0.698)
(243, -0.697)
(244, -0.696)
(245, -0.695)
(246, -0.695)
(247, -0.694)
(248, -0.693)
(249, -0.692)
(250, -0.692)
(251, -0.691)
(252, -0.690)
(253, -0.689)
(254, -0.689)
(255, -0.688)
(256, -0.687)
(257, -0.686)
(258, -0.686)
(259, -0.685)
(260, -0.684)
(261, -0.684)
(262, -0.683)
(263, -0.682)
(264, -0.681)
(265, -0.681)
(266, -0.680)
(267, -0.679)
(268, -0.679)
(269, -0.678)
(270, -0.677)
(271, -0.677)
(272, -0.676)
(273, -0.675)
(274, -0.675)
(275, -0.674)
(276, -0.673)
(277, -0.673)
(278, -0.672)
(279, -0.671)
(280, -0.671)
(281, -0.670)
(282, -0.669)
(283, -0.669)
(284, -0.668)
(285, -0.667)
(286, -0.667)
(287, -0.666)
(288, -0.666)
(289, -0.665)
(290, -0.664)
(291, -0.664)
(292, -0.663)
(293, -0.662)
(294, -0.662)
(295, -0.661)
(296, -0.661)
(297, -0.660)
(298, -0.659)
(299, -0.659)
(300, -0.658)
(301, -0.659)
(302, -0.658)
(303, -0.659)
(304, -0.659)
(305, -0.659)
(306, -0.659)
(307, -0.659)
(308, -0.659)
(309, -0.659)
(310, -0.659)
(311, -0.659)
(312, -0.659)
(313, -0.659)
(314, -0.659)
(315, -0.659)
(316, -0.659)
(317, -0.659)
(318, -0.659)
(319, -0.659)
(320, -0.659)
(321, -0.659)
(322, -0.659)
(323, -0.659)
(324, -0.659)
(325, -0.659)
(326, -0.659)
(327, -0.659)
(328, -0.659)
(329, -0.659)
(330, -0.659)
(331, -0.659)
(332, -0.659)
(333, -0.659)
(334, -0.659)
(335, -0.659)
(336, -0.659)
(337, -0.659)
(338, -0.659)
(339, -0.659)
(340, -0.659)
(341, -0.659)
(342, -0.659)
(343, -0.659)
(344, -0.659)
(345, -0.659)
(346, -0.659)
(347, -0.659)
(348, -0.659)
(349, -0.659)
(350, -0.659)
(351, -0.659)
(352, -0.659)
(353, -0.659)
(354, -0.659)
(355, -0.659)
(356, -0.659)
(357, -0.659)
(358, -0.659)
(359, -0.659)
(360, -0.659)
(361, -0.659)
(362, -0.659)
(363, -0.659)
(364, -0.659)
(365, -0.659)
(366, -0.659)
(367, -0.659)
(368, -0.659)
(369, -0.659)
(370, -0.659)
(371, -0.659)
(372, -0.659)
(373, -0.659)
(374, -0.659)
(375, -0.659)
(376, -0.659)
(377, -0.659)
(378, -0.659)
(379, -0.659)
(380, -0.659)
(381, -0.659)
(382, -0.659)
(383, -0.659)
(384, -0.659)
(385, -0.659)
(386, -0.659)
(387, -0.659)
(388, -0.659)
(389, -0.659)
(390, -0.659)
(391, -0.659)
(392, -0.659)
(393, -0.659)
(394, -0.659)
(395, -0.659)
(396, -0.659)
(397, -0.659)
(398, -0.659)
(399, -0.659)
(400, -0.659)
(401, -0.660)
(402, -0.660)
(403, -0.661)
(404, -0.662)
(405, -0.663)
(406, -0.664)
(407, -0.664)
(408, -0.665)
(409, -0.666)
(410, -0.667)
(411, -0.667)
(412, -0.668)
(413, -0.669)
(414, -0.670)
(415, -0.671)
(416, -0.671)
(417, -0.672)
(418, -0.673)
(419, -0.674)
(420, -0.674)
(421, -0.675)
(422, -0.676)
(423, -0.677)
(424, -0.678)
(425, -0.678)
(426, -0.679)
(427, -0.680)
(428, -0.681)
(429, -0.682)
(430, -0.683)
(431, -0.683)
(432, -0.684)
(433, -0.685)
(434, -0.686)
(435, -0.687)
(436, -0.687)
(437, -0.688)
(438, -0.689)
(439, -0.690)
(440, -0.691)
(441, -0.692)
(442, -0.692)
(443, -0.693)
(444, -0.694)
(445, -0.695)
(446, -0.696)
(447, -0.697)
(448, -0.698)
(449, -0.698)
(450, -0.699)
(451, -0.700)
(452, -0.701)
(453, -0.702)
(454, -0.703)
(455, -0.704)
(456, -0.704)
(457, -0.705)
(458, -0.706)
(459, -0.707)
(460, -0.708)
(461, -0.709)
(462, -0.710)
(463, -0.711)
(464, -0.711)
(465, -0.712)
(466, -0.713)
(467, -0.714)
(468, -0.715)
(469, -0.716)
(470, -0.717)
(471, -0.718)
(472, -0.718)
(473, -0.719)
(474, -0.720)
(475, -0.721)
(476, -0.722)
(477, -0.723)
(478, -0.724)
(479, -0.725)
(480, -0.726)
(481, -0.727)
(482, -0.727)
(483, -0.728)
(484, -0.729)
(485, -0.730)
(486, -0.731)
(487, -0.732)
(488, -0.733)
(489, -0.734)
(490, -0.735)
(491, -0.736)
(492, -0.737)
(493, -0.737)
(494, -0.738)
(495, -0.739)
(496, -0.740)
(497, -0.741)
(498, -0.742)
(499, -0.743)
(500, -0.744)
}

\newcommand{\qRobotData}[2]{
(0, -0.000)
(1, -0.001)
(2, -0.002)
(3, -0.003)
(4, -0.004)
(5, -0.005)
(6, -0.006)
(7, -0.007)
(8, -0.008)
(9, -0.008)
(10, -0.009)
(11, -0.010)
(12, -0.011)
(13, -0.012)
(14, -0.013)
(15, -0.014)
(16, -0.015)
(17, -0.015)
(18, -0.016)
(19, -0.017)
(20, -0.018)
(21, -0.019)
(22, -0.020)
(23, -0.021)
(24, -0.022)
(25, -0.023)
(26, -0.023)
(27, -0.024)
(28, -0.025)
(29, -0.026)
(30, -0.027)
(31, -0.028)
(32, -0.029)
(33, -0.030)
(34, -0.030)
(35, -0.031)
(36, -0.032)
(37, -0.033)
(38, -0.034)
(39, -0.035)
(40, -0.036)
(41, -0.037)
(42, -0.037)
(43, -0.038)
(44, -0.039)
(45, -0.040)
(46, -0.041)
(47, -0.042)
(48, -0.043)
(49, -0.044)
(50, -0.044)
(51, -0.045)
(52, -0.046)
(53, -0.047)
(54, -0.048)
(55, -0.049)
(56, -0.050)
(57, -0.050)
(58, -0.051)
(59, -0.052)
(60, -0.053)
(61, -0.054)
(62, -0.055)
(63, -0.056)
(64, -0.056)
(65, -0.057)
(66, -0.058)
(67, -0.059)
(68, -0.060)
(69, -0.061)
(70, -0.061)
(71, -0.062)
(72, -0.063)
(73, -0.064)
(74, -0.065)
(75, -0.066)
(76, -0.067)
(77, -0.067)
(78, -0.068)
(79, -0.069)
(80, -0.070)
(81, -0.071)
(82, -0.072)
(83, -0.072)
(84, -0.073)
(85, -0.074)
(86, -0.075)
(87, -0.076)
(88, -0.076)
(89, -0.077)
(90, -0.078)
(91, -0.079)
(92, -0.080)
(93, -0.081)
(94, -0.081)
(95, -0.082)
(96, -0.083)
(97, -0.084)
(98, -0.085)
(99, -0.085)
(100, -0.086)
(101, -0.086)
(102, -0.086)
(103, -0.086)
(104, -0.086)
(105, -0.086)
(106, -0.086)
(107, -0.086)
(108, -0.086)
(109, -0.086)
(110, -0.086)
(111, -0.086)
(112, -0.086)
(113, -0.086)
(114, -0.086)
(115, -0.086)
(116, -0.086)
(117, -0.086)
(118, -0.086)
(119, -0.086)
(120, -0.086)
(121, -0.086)
(122, -0.086)
(123, -0.086)
(124, -0.086)
(125, -0.086)
(126, -0.086)
(127, -0.086)
(128, -0.086)
(129, -0.086)
(130, -0.086)
(131, -0.086)
(132, -0.086)
(133, -0.086)
(134, -0.086)
(135, -0.086)
(136, -0.086)
(137, -0.086)
(138, -0.086)
(139, -0.086)
(140, -0.086)
(141, -0.086)
(142, -0.086)
(143, -0.086)
(144, -0.086)
(145, -0.086)
(146, -0.086)
(147, -0.086)
(148, -0.086)
(149, -0.086)
(150, -0.086)
(151, -0.086)
(152, -0.086)
(153, -0.086)
(154, -0.086)
(155, -0.086)
(156, -0.086)
(157, -0.086)
(158, -0.086)
(159, -0.086)
(160, -0.086)
(161, -0.086)
(162, -0.086)
(163, -0.086)
(164, -0.086)
(165, -0.086)
(166, -0.086)
(167, -0.086)
(168, -0.086)
(169, -0.086)
(170, -0.086)
(171, -0.086)
(172, -0.086)
(173, -0.086)
(174, -0.086)
(175, -0.086)
(176, -0.086)
(177, -0.086)
(178, -0.086)
(179, -0.086)
(180, -0.086)
(181, -0.086)
(182, -0.086)
(183, -0.086)
(184, -0.086)
(185, -0.086)
(186, -0.086)
(187, -0.086)
(188, -0.086)
(189, -0.086)
(190, -0.086)
(191, -0.086)
(192, -0.086)
(193, -0.086)
(194, -0.086)
(195, -0.086)
(196, -0.086)
(197, -0.086)
(198, -0.086)
(199, -0.086)
(200, -0.086)
(201, -0.084)
(202, -0.083)
(203, -0.082)
(204, -0.081)
(205, -0.080)
(206, -0.079)
(207, -0.078)
(208, -0.077)
(209, -0.076)
(210, -0.075)
(211, -0.074)
(212, -0.073)
(213, -0.071)
(214, -0.070)
(215, -0.069)
(216, -0.068)
(217, -0.067)
(218, -0.066)
(219, -0.065)
(220, -0.064)
(221, -0.063)
(222, -0.062)
(223, -0.061)
(224, -0.059)
(225, -0.058)
(226, -0.057)
(227, -0.056)
(228, -0.055)
(229, -0.054)
(230, -0.053)
(231, -0.052)
(232, -0.051)
(233, -0.049)
(234, -0.048)
(235, -0.047)
(236, -0.046)
(237, -0.045)
(238, -0.044)
(239, -0.043)
(240, -0.042)
(241, -0.041)
(242, -0.039)
(243, -0.038)
(244, -0.037)
(245, -0.036)
(246, -0.035)
(247, -0.034)
(248, -0.033)
(249, -0.032)
(250, -0.031)
(251, -0.029)
(252, -0.028)
(253, -0.027)
(254, -0.026)
(255, -0.025)
(256, -0.024)
(257, -0.023)
(258, -0.022)
(259, -0.021)
(260, -0.019)
(261, -0.018)
(262, -0.017)
(263, -0.016)
(264, -0.015)
(265, -0.014)
(266, -0.013)
(267, -0.012)
(268, -0.011)
(269, -0.009)
(270, -0.008)
(271, -0.007)
(272, -0.006)
(273, -0.005)
(274, -0.004)
(275, -0.003)
(276, -0.002)
(277, -0.000)
(278, 0.001)
(279, 0.002)
(280, 0.003)
(281, 0.004)
(282, 0.005)
(283, 0.006)
(284, 0.007)
(285, 0.008)
(286, 0.010)
(287, 0.011)
(288, 0.012)
(289, 0.013)
(290, 0.014)
(291, 0.015)
(292, 0.016)
(293, 0.017)
(294, 0.018)
(295, 0.020)
(296, 0.021)
(297, 0.022)
(298, 0.023)
(299, 0.024)
(300, 0.025)
(301, 0.024)
(302, 0.025)
(303, 0.025)
(304, 0.025)
(305, 0.025)
(306, 0.025)
(307, 0.025)
(308, 0.025)
(309, 0.025)
(310, 0.025)
(311, 0.025)
(312, 0.025)
(313, 0.025)
(314, 0.025)
(315, 0.025)
(316, 0.025)
(317, 0.025)
(318, 0.025)
(319, 0.025)
(320, 0.025)
(321, 0.025)
(322, 0.025)
(323, 0.025)
(324, 0.025)
(325, 0.025)
(326, 0.025)
(327, 0.025)
(328, 0.025)
(329, 0.025)
(330, 0.025)
(331, 0.025)
(332, 0.025)
(333, 0.025)
(334, 0.025)
(335, 0.025)
(336, 0.025)
(337, 0.025)
(338, 0.025)
(339, 0.025)
(340, 0.025)
(341, 0.025)
(342, 0.025)
(343, 0.025)
(344, 0.025)
(345, 0.025)
(346, 0.025)
(347, 0.025)
(348, 0.025)
(349, 0.025)
(350, 0.025)
(351, 0.025)
(352, 0.025)
(353, 0.025)
(354, 0.025)
(355, 0.025)
(356, 0.025)
(357, 0.025)
(358, 0.025)
(359, 0.025)
(360, 0.025)
(361, 0.025)
(362, 0.025)
(363, 0.025)
(364, 0.025)
(365, 0.025)
(366, 0.025)
(367, 0.025)
(368, 0.025)
(369, 0.025)
(370, 0.025)
(371, 0.025)
(372, 0.025)
(373, 0.025)
(374, 0.025)
(375, 0.025)
(376, 0.025)
(377, 0.025)
(378, 0.025)
(379, 0.025)
(380, 0.025)
(381, 0.025)
(382, 0.025)
(383, 0.025)
(384, 0.025)
(385, 0.025)
(386, 0.025)
(387, 0.025)
(388, 0.025)
(389, 0.025)
(390, 0.025)
(391, 0.025)
(392, 0.025)
(393, 0.025)
(394, 0.025)
(395, 0.025)
(396, 0.025)
(397, 0.025)
(398, 0.025)
(399, 0.025)
(400, 0.025)
(401, 0.023)
(402, 0.023)
(403, 0.022)
(404, 0.021)
(405, 0.020)
(406, 0.019)
(407, 0.018)
(408, 0.017)
(409, 0.016)
(410, 0.016)
(411, 0.015)
(412, 0.014)
(413, 0.013)
(414, 0.012)
(415, 0.011)
(416, 0.010)
(417, 0.009)
(418, 0.009)
(419, 0.008)
(420, 0.007)
(421, 0.006)
(422, 0.005)
(423, 0.004)
(424, 0.003)
(425, 0.002)
(426, 0.002)
(427, 0.001)
(428, -0.000)
(429, -0.001)
(430, -0.002)
(431, -0.003)
(432, -0.004)
(433, -0.005)
(434, -0.005)
(435, -0.006)
(436, -0.007)
(437, -0.008)
(438, -0.009)
(439, -0.010)
(440, -0.011)
(441, -0.012)
(442, -0.012)
(443, -0.013)
(444, -0.014)
(445, -0.015)
(446, -0.016)
(447, -0.017)
(448, -0.018)
(449, -0.018)
(450, -0.019)
(451, -0.020)
(452, -0.021)
(453, -0.022)
(454, -0.023)
(455, -0.024)
(456, -0.024)
(457, -0.025)
(458, -0.026)
(459, -0.027)
(460, -0.028)
(461, -0.029)
(462, -0.030)
(463, -0.030)
(464, -0.031)
(465, -0.032)
(466, -0.033)
(467, -0.034)
(468, -0.035)
(469, -0.035)
(470, -0.036)
(471, -0.037)
(472, -0.038)
(473, -0.039)
(474, -0.040)
(475, -0.041)
(476, -0.041)
(477, -0.042)
(478, -0.043)
(479, -0.044)
(480, -0.045)
(481, -0.046)
(482, -0.046)
(483, -0.047)
(484, -0.048)
(485, -0.049)
(486, -0.050)
(487, -0.051)
(488, -0.051)
(489, -0.052)
(490, -0.053)
(491, -0.054)
(492, -0.055)
(493, -0.056)
(494, -0.056)
(495, -0.057)
(496, -0.058)
(497, -0.059)
(498, -0.060)
(499, -0.060)
(500, -0.061)
}

\newcommand{\qRobotData}[3]{
(0, 1.800)
(1, 1.800)
(2, 1.800)
(3, 1.800)
(4, 1.800)
(5, 1.800)
(6, 1.801)
(7, 1.801)
(8, 1.801)
(9, 1.801)
(10, 1.801)
(11, 1.801)
(12, 1.801)
(13, 1.801)
(14, 1.801)
(15, 1.801)
(16, 1.801)
(17, 1.802)
(18, 1.802)
(19, 1.802)
(20, 1.802)
(21, 1.802)
(22, 1.802)
(23, 1.802)
(24, 1.802)
(25, 1.802)
(26, 1.802)
(27, 1.802)
(28, 1.802)
(29, 1.803)
(30, 1.803)
(31, 1.803)
(32, 1.803)
(33, 1.803)
(34, 1.803)
(35, 1.803)
(36, 1.803)
(37, 1.803)
(38, 1.803)
(39, 1.803)
(40, 1.803)
(41, 1.803)
(42, 1.803)
(43, 1.803)
(44, 1.803)
(45, 1.804)
(46, 1.804)
(47, 1.804)
(48, 1.804)
(49, 1.804)
(50, 1.804)
(51, 1.804)
(52, 1.804)
(53, 1.804)
(54, 1.804)
(55, 1.804)
(56, 1.804)
(57, 1.804)
(58, 1.804)
(59, 1.804)
(60, 1.804)
(61, 1.804)
(62, 1.804)
(63, 1.804)
(64, 1.804)
(65, 1.804)
(66, 1.804)
(67, 1.804)
(68, 1.804)
(69, 1.804)
(70, 1.804)
(71, 1.805)
(72, 1.805)
(73, 1.805)
(74, 1.805)
(75, 1.805)
(76, 1.805)
(77, 1.805)
(78, 1.805)
(79, 1.805)
(80, 1.805)
(81, 1.805)
(82, 1.805)
(83, 1.805)
(84, 1.805)
(85, 1.805)
(86, 1.805)
(87, 1.805)
(88, 1.805)
(89, 1.805)
(90, 1.805)
(91, 1.805)
(92, 1.805)
(93, 1.805)
(94, 1.805)
(95, 1.805)
(96, 1.805)
(97, 1.805)
(98, 1.805)
(99, 1.805)
(100, 1.805)
(101, 1.805)
(102, 1.804)
(103, 1.805)
(104, 1.805)
(105, 1.805)
(106, 1.805)
(107, 1.805)
(108, 1.805)
(109, 1.805)
(110, 1.805)
(111, 1.805)
(112, 1.805)
(113, 1.805)
(114, 1.805)
(115, 1.805)
(116, 1.805)
(117, 1.805)
(118, 1.805)
(119, 1.805)
(120, 1.805)
(121, 1.805)
(122, 1.805)
(123, 1.805)
(124, 1.805)
(125, 1.805)
(126, 1.805)
(127, 1.805)
(128, 1.805)
(129, 1.805)
(130, 1.805)
(131, 1.805)
(132, 1.805)
(133, 1.805)
(134, 1.805)
(135, 1.805)
(136, 1.805)
(137, 1.805)
(138, 1.805)
(139, 1.805)
(140, 1.805)
(141, 1.805)
(142, 1.805)
(143, 1.805)
(144, 1.805)
(145, 1.805)
(146, 1.805)
(147, 1.805)
(148, 1.805)
(149, 1.805)
(150, 1.805)
(151, 1.805)
(152, 1.805)
(153, 1.805)
(154, 1.805)
(155, 1.805)
(156, 1.805)
(157, 1.805)
(158, 1.805)
(159, 1.805)
(160, 1.805)
(161, 1.805)
(162, 1.805)
(163, 1.805)
(164, 1.805)
(165, 1.805)
(166, 1.805)
(167, 1.805)
(168, 1.805)
(169, 1.805)
(170, 1.805)
(171, 1.805)
(172, 1.805)
(173, 1.805)
(174, 1.805)
(175, 1.805)
(176, 1.805)
(177, 1.805)
(178, 1.805)
(179, 1.805)
(180, 1.805)
(181, 1.805)
(182, 1.805)
(183, 1.805)
(184, 1.805)
(185, 1.805)
(186, 1.805)
(187, 1.805)
(188, 1.805)
(189, 1.805)
(190, 1.805)
(191, 1.805)
(192, 1.805)
(193, 1.805)
(194, 1.805)
(195, 1.805)
(196, 1.805)
(197, 1.805)
(198, 1.805)
(199, 1.805)
(200, 1.805)
(201, 1.805)
(202, 1.804)
(203, 1.804)
(204, 1.803)
(205, 1.803)
(206, 1.803)
(207, 1.803)
(208, 1.802)
(209, 1.802)
(210, 1.802)
(211, 1.801)
(212, 1.801)
(213, 1.801)
(214, 1.801)
(215, 1.800)
(216, 1.800)
(217, 1.800)
(218, 1.799)
(219, 1.799)
(220, 1.799)
(221, 1.798)
(222, 1.798)
(223, 1.798)
(224, 1.798)
(225, 1.797)
(226, 1.797)
(227, 1.797)
(228, 1.796)
(229, 1.796)
(230, 1.796)
(231, 1.795)
(232, 1.795)
(233, 1.795)
(234, 1.794)
(235, 1.794)
(236, 1.794)
(237, 1.793)
(238, 1.793)
(239, 1.793)
(240, 1.792)
(241, 1.792)
(242, 1.792)
(243, 1.791)
(244, 1.791)
(245, 1.791)
(246, 1.790)
(247, 1.790)
(248, 1.790)
(249, 1.789)
(250, 1.789)
(251, 1.789)
(252, 1.788)
(253, 1.788)
(254, 1.788)
(255, 1.787)
(256, 1.787)
(257, 1.787)
(258, 1.786)
(259, 1.786)
(260, 1.786)
(261, 1.785)
(262, 1.785)
(263, 1.785)
(264, 1.784)
(265, 1.784)
(266, 1.784)
(267, 1.783)
(268, 1.783)
(269, 1.783)
(270, 1.782)
(271, 1.782)
(272, 1.782)
(273, 1.781)
(274, 1.781)
(275, 1.781)
(276, 1.780)
(277, 1.780)
(278, 1.779)
(279, 1.779)
(280, 1.779)
(281, 1.778)
(282, 1.778)
(283, 1.778)
(284, 1.777)
(285, 1.777)
(286, 1.777)
(287, 1.776)
(288, 1.776)
(289, 1.776)
(290, 1.775)
(291, 1.775)
(292, 1.775)
(293, 1.774)
(294, 1.774)
(295, 1.774)
(296, 1.773)
(297, 1.773)
(298, 1.772)
(299, 1.772)
(300, 1.772)
(301, 1.772)
(302, 1.772)
(303, 1.772)
(304, 1.772)
(305, 1.772)
(306, 1.772)
(307, 1.772)
(308, 1.772)
(309, 1.772)
(310, 1.772)
(311, 1.772)
(312, 1.772)
(313, 1.772)
(314, 1.772)
(315, 1.772)
(316, 1.772)
(317, 1.772)
(318, 1.772)
(319, 1.772)
(320, 1.772)
(321, 1.772)
(322, 1.772)
(323, 1.772)
(324, 1.772)
(325, 1.772)
(326, 1.772)
(327, 1.772)
(328, 1.772)
(329, 1.772)
(330, 1.772)
(331, 1.772)
(332, 1.772)
(333, 1.772)
(334, 1.772)
(335, 1.772)
(336, 1.772)
(337, 1.772)
(338, 1.772)
(339, 1.772)
(340, 1.772)
(341, 1.772)
(342, 1.772)
(343, 1.772)
(344, 1.772)
(345, 1.772)
(346, 1.772)
(347, 1.772)
(348, 1.772)
(349, 1.772)
(350, 1.772)
(351, 1.772)
(352, 1.772)
(353, 1.772)
(354, 1.772)
(355, 1.772)
(356, 1.772)
(357, 1.772)
(358, 1.772)
(359, 1.772)
(360, 1.772)
(361, 1.772)
(362, 1.772)
(363, 1.772)
(364, 1.772)
(365, 1.772)
(366, 1.772)
(367, 1.772)
(368, 1.772)
(369, 1.772)
(370, 1.772)
(371, 1.772)
(372, 1.772)
(373, 1.772)
(374, 1.772)
(375, 1.772)
(376, 1.772)
(377, 1.772)
(378, 1.772)
(379, 1.772)
(380, 1.772)
(381, 1.772)
(382, 1.772)
(383, 1.772)
(384, 1.772)
(385, 1.772)
(386, 1.772)
(387, 1.772)
(388, 1.772)
(389, 1.772)
(390, 1.772)
(391, 1.772)
(392, 1.772)
(393, 1.772)
(394, 1.772)
(395, 1.772)
(396, 1.772)
(397, 1.772)
(398, 1.772)
(399, 1.772)
(400, 1.772)
(401, 1.772)
(402, 1.772)
(403, 1.772)
(404, 1.772)
(405, 1.772)
(406, 1.772)
(407, 1.772)
(408, 1.772)
(409, 1.772)
(410, 1.772)
(411, 1.772)
(412, 1.772)
(413, 1.772)
(414, 1.772)
(415, 1.772)
(416, 1.772)
(417, 1.772)
(418, 1.772)
(419, 1.772)
(420, 1.772)
(421, 1.772)
(422, 1.772)
(423, 1.772)
(424, 1.772)
(425, 1.772)
(426, 1.772)
(427, 1.772)
(428, 1.772)
(429, 1.772)
(430, 1.772)
(431, 1.772)
(432, 1.772)
(433, 1.772)
(434, 1.772)
(435, 1.772)
(436, 1.772)
(437, 1.772)
(438, 1.772)
(439, 1.772)
(440, 1.772)
(441, 1.772)
(442, 1.772)
(443, 1.772)
(444, 1.772)
(445, 1.772)
(446, 1.772)
(447, 1.772)
(448, 1.772)
(449, 1.772)
(450, 1.772)
(451, 1.772)
(452, 1.772)
(453, 1.772)
(454, 1.772)
(455, 1.772)
(456, 1.772)
(457, 1.772)
(458, 1.772)
(459, 1.772)
(460, 1.772)
(461, 1.772)
(462, 1.772)
(463, 1.772)
(464, 1.772)
(465, 1.772)
(466, 1.772)
(467, 1.771)
(468, 1.771)
(469, 1.771)
(470, 1.771)
(471, 1.771)
(472, 1.771)
(473, 1.771)
(474, 1.771)
(475, 1.771)
(476, 1.771)
(477, 1.771)
(478, 1.771)
(479, 1.771)
(480, 1.771)
(481, 1.771)
(482, 1.771)
(483, 1.771)
(484, 1.771)
(485, 1.771)
(486, 1.771)
(487, 1.770)
(488, 1.770)
(489, 1.770)
(490, 1.770)
(491, 1.770)
(492, 1.770)
(493, 1.770)
(494, 1.770)
(495, 1.770)
(496, 1.770)
(497, 1.770)
(498, 1.770)
(499, 1.770)
(500, 1.770)
}

\newcommand{\qRobotData}[4]{
(0, 0.000)
(1, -0.000)
(2, -0.000)
(3, -0.000)
(4, -0.000)
(5, -0.000)
(6, -0.000)
(7, -0.000)
(8, -0.000)
(9, -0.000)
(10, -0.000)
(11, -0.000)
(12, -0.001)
(13, -0.001)
(14, -0.001)
(15, -0.001)
(16, -0.001)
(17, -0.001)
(18, -0.001)
(19, -0.001)
(20, -0.001)
(21, -0.001)
(22, -0.001)
(23, -0.001)
(24, -0.001)
(25, -0.001)
(26, -0.001)
(27, -0.001)
(28, -0.001)
(29, -0.001)
(30, -0.001)
(31, -0.001)
(32, -0.001)
(33, -0.001)
(34, -0.001)
(35, -0.001)
(36, -0.001)
(37, -0.001)
(38, -0.001)
(39, -0.001)
(40, -0.001)
(41, -0.001)
(42, -0.001)
(43, -0.001)
(44, -0.001)
(45, -0.001)
(46, -0.001)
(47, -0.001)
(48, -0.001)
(49, -0.002)
(50, -0.002)
(51, -0.002)
(52, -0.002)
(53, -0.002)
(54, -0.002)
(55, -0.002)
(56, -0.002)
(57, -0.002)
(58, -0.002)
(59, -0.002)
(60, -0.002)
(61, -0.002)
(62, -0.002)
(63, -0.002)
(64, -0.002)
(65, -0.002)
(66, -0.002)
(67, -0.002)
(68, -0.002)
(69, -0.002)
(70, -0.002)
(71, -0.002)
(72, -0.002)
(73, -0.002)
(74, -0.002)
(75, -0.002)
(76, -0.002)
(77, -0.002)
(78, -0.002)
(79, -0.002)
(80, -0.002)
(81, -0.002)
(82, -0.002)
(83, -0.002)
(84, -0.002)
(85, -0.002)
(86, -0.002)
(87, -0.002)
(88, -0.002)
(89, -0.002)
(90, -0.002)
(91, -0.002)
(92, -0.002)
(93, -0.002)
(94, -0.002)
(95, -0.002)
(96, -0.002)
(97, -0.002)
(98, -0.002)
(99, -0.002)
(100, -0.002)
(101, -0.002)
(102, -0.002)
(103, -0.002)
(104, -0.002)
(105, -0.002)
(106, -0.002)
(107, -0.002)
(108, -0.002)
(109, -0.002)
(110, -0.002)
(111, -0.002)
(112, -0.002)
(113, -0.002)
(114, -0.002)
(115, -0.002)
(116, -0.002)
(117, -0.002)
(118, -0.002)
(119, -0.002)
(120, -0.002)
(121, -0.002)
(122, -0.002)
(123, -0.002)
(124, -0.002)
(125, -0.002)
(126, -0.002)
(127, -0.002)
(128, -0.002)
(129, -0.002)
(130, -0.002)
(131, -0.002)
(132, -0.002)
(133, -0.002)
(134, -0.002)
(135, -0.002)
(136, -0.002)
(137, -0.002)
(138, -0.002)
(139, -0.002)
(140, -0.002)
(141, -0.002)
(142, -0.002)
(143, -0.002)
(144, -0.002)
(145, -0.002)
(146, -0.002)
(147, -0.002)
(148, -0.002)
(149, -0.002)
(150, -0.002)
(151, -0.002)
(152, -0.002)
(153, -0.002)
(154, -0.002)
(155, -0.002)
(156, -0.002)
(157, -0.002)
(158, -0.002)
(159, -0.002)
(160, -0.002)
(161, -0.002)
(162, -0.002)
(163, -0.002)
(164, -0.002)
(165, -0.002)
(166, -0.002)
(167, -0.002)
(168, -0.002)
(169, -0.002)
(170, -0.002)
(171, -0.002)
(172, -0.002)
(173, -0.002)
(174, -0.002)
(175, -0.002)
(176, -0.002)
(177, -0.002)
(178, -0.002)
(179, -0.002)
(180, -0.002)
(181, -0.002)
(182, -0.002)
(183, -0.002)
(184, -0.002)
(185, -0.002)
(186, -0.002)
(187, -0.002)
(188, -0.002)
(189, -0.002)
(190, -0.002)
(191, -0.002)
(192, -0.002)
(193, -0.002)
(194, -0.002)
(195, -0.002)
(196, -0.002)
(197, -0.002)
(198, -0.002)
(199, -0.002)
(200, -0.002)
(201, -0.002)
(202, -0.003)
(203, -0.003)
(204, -0.003)
(205, -0.003)
(206, -0.004)
(207, -0.004)
(208, -0.004)
(209, -0.005)
(210, -0.005)
(211, -0.005)
(212, -0.006)
(213, -0.006)
(214, -0.006)
(215, -0.006)
(216, -0.007)
(217, -0.007)
(218, -0.007)
(219, -0.008)
(220, -0.008)
(221, -0.008)
(222, -0.009)
(223, -0.009)
(224, -0.009)
(225, -0.010)
(226, -0.010)
(227, -0.010)
(228, -0.010)
(229, -0.011)
(230, -0.011)
(231, -0.011)
(232, -0.012)
(233, -0.012)
(234, -0.012)
(235, -0.012)
(236, -0.013)
(237, -0.013)
(238, -0.013)
(239, -0.014)
(240, -0.014)
(241, -0.014)
(242, -0.015)
(243, -0.015)
(244, -0.015)
(245, -0.015)
(246, -0.016)
(247, -0.016)
(248, -0.016)
(249, -0.017)
(250, -0.017)
(251, -0.017)
(252, -0.018)
(253, -0.018)
(254, -0.018)
(255, -0.018)
(256, -0.019)
(257, -0.019)
(258, -0.019)
(259, -0.020)
(260, -0.020)
(261, -0.020)
(262, -0.020)
(263, -0.021)
(264, -0.021)
(265, -0.021)
(266, -0.022)
(267, -0.022)
(268, -0.022)
(269, -0.022)
(270, -0.023)
(271, -0.023)
(272, -0.023)
(273, -0.024)
(274, -0.024)
(275, -0.024)
(276, -0.024)
(277, -0.025)
(278, -0.025)
(279, -0.025)
(280, -0.026)
(281, -0.026)
(282, -0.026)
(283, -0.026)
(284, -0.027)
(285, -0.027)
(286, -0.027)
(287, -0.028)
(288, -0.028)
(289, -0.028)
(290, -0.028)
(291, -0.029)
(292, -0.029)
(293, -0.029)
(294, -0.030)
(295, -0.030)
(296, -0.030)
(297, -0.030)
(298, -0.031)
(299, -0.031)
(300, -0.031)
(301, -0.031)
(302, -0.031)
(303, -0.031)
(304, -0.031)
(305, -0.031)
(306, -0.031)
(307, -0.031)
(308, -0.031)
(309, -0.031)
(310, -0.031)
(311, -0.031)
(312, -0.031)
(313, -0.031)
(314, -0.031)
(315, -0.031)
(316, -0.031)
(317, -0.031)
(318, -0.031)
(319, -0.031)
(320, -0.031)
(321, -0.031)
(322, -0.031)
(323, -0.031)
(324, -0.031)
(325, -0.031)
(326, -0.031)
(327, -0.031)
(328, -0.031)
(329, -0.031)
(330, -0.031)
(331, -0.031)
(332, -0.031)
(333, -0.031)
(334, -0.031)
(335, -0.031)
(336, -0.031)
(337, -0.031)
(338, -0.031)
(339, -0.031)
(340, -0.031)
(341, -0.031)
(342, -0.031)
(343, -0.031)
(344, -0.031)
(345, -0.031)
(346, -0.031)
(347, -0.031)
(348, -0.031)
(349, -0.031)
(350, -0.031)
(351, -0.031)
(352, -0.031)
(353, -0.031)
(354, -0.031)
(355, -0.031)
(356, -0.031)
(357, -0.031)
(358, -0.031)
(359, -0.031)
(360, -0.031)
(361, -0.031)
(362, -0.031)
(363, -0.031)
(364, -0.031)
(365, -0.031)
(366, -0.031)
(367, -0.031)
(368, -0.031)
(369, -0.031)
(370, -0.031)
(371, -0.031)
(372, -0.031)
(373, -0.031)
(374, -0.031)
(375, -0.031)
(376, -0.031)
(377, -0.031)
(378, -0.031)
(379, -0.031)
(380, -0.031)
(381, -0.031)
(382, -0.031)
(383, -0.031)
(384, -0.031)
(385, -0.031)
(386, -0.031)
(387, -0.031)
(388, -0.031)
(389, -0.031)
(390, -0.031)
(391, -0.031)
(392, -0.031)
(393, -0.031)
(394, -0.031)
(395, -0.031)
(396, -0.031)
(397, -0.031)
(398, -0.031)
(399, -0.031)
(400, -0.031)
(401, -0.031)
(402, -0.031)
(403, -0.031)
(404, -0.031)
(405, -0.031)
(406, -0.031)
(407, -0.031)
(408, -0.031)
(409, -0.031)
(410, -0.031)
(411, -0.031)
(412, -0.031)
(413, -0.031)
(414, -0.031)
(415, -0.031)
(416, -0.031)
(417, -0.031)
(418, -0.031)
(419, -0.031)
(420, -0.031)
(421, -0.031)
(422, -0.031)
(423, -0.031)
(424, -0.031)
(425, -0.031)
(426, -0.031)
(427, -0.031)
(428, -0.030)
(429, -0.030)
(430, -0.030)
(431, -0.030)
(432, -0.030)
(433, -0.030)
(434, -0.030)
(435, -0.030)
(436, -0.030)
(437, -0.030)
(438, -0.030)
(439, -0.030)
(440, -0.030)
(441, -0.030)
(442, -0.030)
(443, -0.030)
(444, -0.030)
(445, -0.030)
(446, -0.030)
(447, -0.030)
(448, -0.030)
(449, -0.030)
(450, -0.030)
(451, -0.030)
(452, -0.029)
(453, -0.029)
(454, -0.029)
(455, -0.029)
(456, -0.029)
(457, -0.029)
(458, -0.029)
(459, -0.029)
(460, -0.029)
(461, -0.029)
(462, -0.029)
(463, -0.029)
(464, -0.029)
(465, -0.029)
(466, -0.029)
(467, -0.029)
(468, -0.029)
(469, -0.029)
(470, -0.029)
(471, -0.028)
(472, -0.028)
(473, -0.028)
(474, -0.028)
(475, -0.028)
(476, -0.028)
(477, -0.028)
(478, -0.028)
(479, -0.028)
(480, -0.028)
(481, -0.028)
(482, -0.028)
(483, -0.028)
(484, -0.028)
(485, -0.028)
(486, -0.028)
(487, -0.027)
(488, -0.027)
(489, -0.027)
(490, -0.027)
(491, -0.027)
(492, -0.027)
(493, -0.027)
(494, -0.027)
(495, -0.027)
(496, -0.027)
(497, -0.027)
(498, -0.027)
(499, -0.027)
(500, -0.027)
}

\newcommand{\qRobotData}[5]{
(0, 0.420)
(1, 0.420)
(2, 0.420)
(3, 0.420)
(4, 0.421)
(5, 0.421)
(6, 0.421)
(7, 0.421)
(8, 0.421)
(9, 0.421)
(10, 0.421)
(11, 0.422)
(12, 0.422)
(13, 0.422)
(14, 0.422)
(15, 0.422)
(16, 0.422)
(17, 0.422)
(18, 0.422)
(19, 0.423)
(20, 0.423)
(21, 0.423)
(22, 0.423)
(23, 0.423)
(24, 0.423)
(25, 0.423)
(26, 0.423)
(27, 0.424)
(28, 0.424)
(29, 0.424)
(30, 0.424)
(31, 0.424)
(32, 0.424)
(33, 0.424)
(34, 0.424)
(35, 0.424)
(36, 0.424)
(37, 0.425)
(38, 0.425)
(39, 0.425)
(40, 0.425)
(41, 0.425)
(42, 0.425)
(43, 0.425)
(44, 0.425)
(45, 0.425)
(46, 0.425)
(47, 0.426)
(48, 0.426)
(49, 0.426)
(50, 0.426)
(51, 0.426)
(52, 0.426)
(53, 0.426)
(54, 0.426)
(55, 0.426)
(56, 0.426)
(57, 0.426)
(58, 0.426)
(59, 0.426)
(60, 0.427)
(61, 0.427)
(62, 0.427)
(63, 0.427)
(64, 0.427)
(65, 0.427)
(66, 0.427)
(67, 0.427)
(68, 0.427)
(69, 0.427)
(70, 0.427)
(71, 0.427)
(72, 0.427)
(73, 0.427)
(74, 0.427)
(75, 0.427)
(76, 0.427)
(77, 0.427)
(78, 0.427)
(79, 0.428)
(80, 0.428)
(81, 0.428)
(82, 0.428)
(83, 0.428)
(84, 0.428)
(85, 0.428)
(86, 0.428)
(87, 0.428)
(88, 0.428)
(89, 0.428)
(90, 0.428)
(91, 0.428)
(92, 0.428)
(93, 0.428)
(94, 0.428)
(95, 0.428)
(96, 0.428)
(97, 0.428)
(98, 0.428)
(99, 0.428)
(100, 0.428)
(101, 0.428)
(102, 0.428)
(103, 0.428)
(104, 0.428)
(105, 0.428)
(106, 0.428)
(107, 0.428)
(108, 0.428)
(109, 0.428)
(110, 0.428)
(111, 0.428)
(112, 0.428)
(113, 0.428)
(114, 0.428)
(115, 0.428)
(116, 0.428)
(117, 0.428)
(118, 0.428)
(119, 0.428)
(120, 0.428)
(121, 0.428)
(122, 0.428)
(123, 0.428)
(124, 0.428)
(125, 0.428)
(126, 0.428)
(127, 0.428)
(128, 0.428)
(129, 0.428)
(130, 0.428)
(131, 0.428)
(132, 0.428)
(133, 0.428)
(134, 0.428)
(135, 0.428)
(136, 0.428)
(137, 0.428)
(138, 0.428)
(139, 0.428)
(140, 0.428)
(141, 0.428)
(142, 0.428)
(143, 0.428)
(144, 0.428)
(145, 0.428)
(146, 0.428)
(147, 0.428)
(148, 0.428)
(149, 0.428)
(150, 0.428)
(151, 0.428)
(152, 0.428)
(153, 0.428)
(154, 0.428)
(155, 0.428)
(156, 0.428)
(157, 0.428)
(158, 0.428)
(159, 0.428)
(160, 0.428)
(161, 0.428)
(162, 0.428)
(163, 0.428)
(164, 0.428)
(165, 0.428)
(166, 0.428)
(167, 0.428)
(168, 0.428)
(169, 0.428)
(170, 0.428)
(171, 0.428)
(172, 0.428)
(173, 0.428)
(174, 0.428)
(175, 0.428)
(176, 0.428)
(177, 0.428)
(178, 0.428)
(179, 0.428)
(180, 0.428)
(181, 0.428)
(182, 0.428)
(183, 0.428)
(184, 0.428)
(185, 0.428)
(186, 0.428)
(187, 0.428)
(188, 0.428)
(189, 0.428)
(190, 0.428)
(191, 0.428)
(192, 0.428)
(193, 0.428)
(194, 0.428)
(195, 0.428)
(196, 0.428)
(197, 0.428)
(198, 0.428)
(199, 0.428)
(200, 0.428)
(201, 0.428)
(202, 0.428)
(203, 0.428)
(204, 0.428)
(205, 0.428)
(206, 0.428)
(207, 0.428)
(208, 0.428)
(209, 0.428)
(210, 0.428)
(211, 0.428)
(212, 0.428)
(213, 0.428)
(214, 0.428)
(215, 0.428)
(216, 0.428)
(217, 0.427)
(218, 0.427)
(219, 0.427)
(220, 0.427)
(221, 0.427)
(222, 0.427)
(223, 0.427)
(224, 0.427)
(225, 0.427)
(226, 0.427)
(227, 0.427)
(228, 0.427)
(229, 0.427)
(230, 0.427)
(231, 0.427)
(232, 0.427)
(233, 0.427)
(234, 0.427)
(235, 0.427)
(236, 0.427)
(237, 0.427)
(238, 0.426)
(239, 0.426)
(240, 0.426)
(241, 0.426)
(242, 0.426)
(243, 0.426)
(244, 0.426)
(245, 0.426)
(246, 0.426)
(247, 0.426)
(248, 0.426)
(249, 0.426)
(250, 0.426)
(251, 0.426)
(252, 0.426)
(253, 0.426)
(254, 0.425)
(255, 0.425)
(256, 0.425)
(257, 0.425)
(258, 0.425)
(259, 0.425)
(260, 0.425)
(261, 0.425)
(262, 0.425)
(263, 0.425)
(264, 0.425)
(265, 0.425)
(266, 0.424)
(267, 0.424)
(268, 0.424)
(269, 0.424)
(270, 0.424)
(271, 0.424)
(272, 0.424)
(273, 0.424)
(274, 0.424)
(275, 0.424)
(276, 0.424)
(277, 0.424)
(278, 0.423)
(279, 0.423)
(280, 0.423)
(281, 0.423)
(282, 0.423)
(283, 0.423)
(284, 0.423)
(285, 0.423)
(286, 0.423)
(287, 0.423)
(288, 0.422)
(289, 0.422)
(290, 0.422)
(291, 0.422)
(292, 0.422)
(293, 0.422)
(294, 0.422)
(295, 0.422)
(296, 0.422)
(297, 0.422)
(298, 0.421)
(299, 0.421)
(300, 0.421)
(301, 0.421)
(302, 0.421)
(303, 0.421)
(304, 0.421)
(305, 0.421)
(306, 0.421)
(307, 0.421)
(308, 0.421)
(309, 0.421)
(310, 0.421)
(311, 0.421)
(312, 0.421)
(313, 0.421)
(314, 0.421)
(315, 0.421)
(316, 0.421)
(317, 0.421)
(318, 0.421)
(319, 0.421)
(320, 0.421)
(321, 0.421)
(322, 0.421)
(323, 0.421)
(324, 0.421)
(325, 0.421)
(326, 0.421)
(327, 0.421)
(328, 0.421)
(329, 0.421)
(330, 0.421)
(331, 0.421)
(332, 0.421)
(333, 0.421)
(334, 0.421)
(335, 0.421)
(336, 0.421)
(337, 0.421)
(338, 0.421)
(339, 0.421)
(340, 0.421)
(341, 0.421)
(342, 0.421)
(343, 0.421)
(344, 0.421)
(345, 0.421)
(346, 0.421)
(347, 0.421)
(348, 0.421)
(349, 0.421)
(350, 0.421)
(351, 0.421)
(352, 0.421)
(353, 0.421)
(354, 0.421)
(355, 0.421)
(356, 0.421)
(357, 0.421)
(358, 0.421)
(359, 0.421)
(360, 0.421)
(361, 0.421)
(362, 0.421)
(363, 0.421)
(364, 0.421)
(365, 0.421)
(366, 0.421)
(367, 0.421)
(368, 0.421)
(369, 0.421)
(370, 0.421)
(371, 0.421)
(372, 0.421)
(373, 0.421)
(374, 0.421)
(375, 0.421)
(376, 0.421)
(377, 0.421)
(378, 0.421)
(379, 0.421)
(380, 0.421)
(381, 0.421)
(382, 0.421)
(383, 0.421)
(384, 0.421)
(385, 0.421)
(386, 0.421)
(387, 0.421)
(388, 0.421)
(389, 0.421)
(390, 0.421)
(391, 0.421)
(392, 0.421)
(393, 0.421)
(394, 0.421)
(395, 0.421)
(396, 0.421)
(397, 0.421)
(398, 0.421)
(399, 0.421)
(400, 0.421)
(401, 0.421)
(402, 0.421)
(403, 0.421)
(404, 0.421)
(405, 0.421)
(406, 0.421)
(407, 0.421)
(408, 0.421)
(409, 0.421)
(410, 0.421)
(411, 0.422)
(412, 0.422)
(413, 0.422)
(414, 0.422)
(415, 0.422)
(416, 0.422)
(417, 0.422)
(418, 0.422)
(419, 0.422)
(420, 0.422)
(421, 0.422)
(422, 0.422)
(423, 0.422)
(424, 0.422)
(425, 0.422)
(426, 0.422)
(427, 0.422)
(428, 0.422)
(429, 0.422)
(430, 0.422)
(431, 0.422)
(432, 0.422)
(433, 0.422)
(434, 0.422)
(435, 0.422)
(436, 0.422)
(437, 0.422)
(438, 0.422)
(439, 0.422)
(440, 0.422)
(441, 0.422)
(442, 0.422)
(443, 0.421)
(444, 0.421)
(445, 0.421)
(446, 0.421)
(447, 0.421)
(448, 0.421)
(449, 0.421)
(450, 0.421)
(451, 0.421)
(452, 0.421)
(453, 0.421)
(454, 0.421)
(455, 0.421)
(456, 0.421)
(457, 0.421)
(458, 0.421)
(459, 0.421)
(460, 0.421)
(461, 0.421)
(462, 0.421)
(463, 0.421)
(464, 0.421)
(465, 0.421)
(466, 0.420)
(467, 0.420)
(468, 0.420)
(469, 0.420)
(470, 0.420)
(471, 0.420)
(472, 0.420)
(473, 0.420)
(474, 0.420)
(475, 0.420)
(476, 0.420)
(477, 0.420)
(478, 0.420)
(479, 0.420)
(480, 0.419)
(481, 0.419)
(482, 0.419)
(483, 0.419)
(484, 0.419)
(485, 0.419)
(486, 0.419)
(487, 0.419)
(488, 0.419)
(489, 0.419)
(490, 0.418)
(491, 0.418)
(492, 0.418)
(493, 0.418)
(494, 0.418)
(495, 0.418)
(496, 0.418)
(497, 0.418)
(498, 0.418)
(499, 0.417)
(500, 0.417)
}

\newcommand{\qRobotData}[6]{
(0, 0.000)
(1, 0.000)
(2, 0.001)
(3, 0.001)
(4, 0.002)
(5, 0.002)
(6, 0.002)
(7, 0.003)
(8, 0.003)
(9, 0.003)
(10, 0.004)
(11, 0.004)
(12, 0.004)
(13, 0.005)
(14, 0.005)
(15, 0.005)
(16, 0.006)
(17, 0.006)
(18, 0.007)
(19, 0.007)
(20, 0.007)
(21, 0.008)
(22, 0.008)
(23, 0.008)
(24, 0.009)
(25, 0.009)
(26, 0.010)
(27, 0.010)
(28, 0.010)
(29, 0.011)
(30, 0.011)
(31, 0.011)
(32, 0.012)
(33, 0.012)
(34, 0.013)
(35, 0.013)
(36, 0.013)
(37, 0.014)
(38, 0.014)
(39, 0.015)
(40, 0.015)
(41, 0.015)
(42, 0.016)
(43, 0.016)
(44, 0.017)
(45, 0.017)
(46, 0.017)
(47, 0.018)
(48, 0.018)
(49, 0.019)
(50, 0.019)
(51, 0.019)
(52, 0.020)
(53, 0.020)
(54, 0.021)
(55, 0.021)
(56, 0.021)
(57, 0.022)
(58, 0.022)
(59, 0.023)
(60, 0.023)
(61, 0.023)
(62, 0.024)
(63, 0.024)
(64, 0.025)
(65, 0.025)
(66, 0.025)
(67, 0.026)
(68, 0.026)
(69, 0.027)
(70, 0.027)
(71, 0.027)
(72, 0.028)
(73, 0.028)
(74, 0.029)
(75, 0.029)
(76, 0.030)
(77, 0.030)
(78, 0.030)
(79, 0.031)
(80, 0.031)
(81, 0.032)
(82, 0.032)
(83, 0.032)
(84, 0.033)
(85, 0.033)
(86, 0.034)
(87, 0.034)
(88, 0.035)
(89, 0.035)
(90, 0.035)
(91, 0.036)
(92, 0.036)
(93, 0.037)
(94, 0.037)
(95, 0.038)
(96, 0.038)
(97, 0.038)
(98, 0.039)
(99, 0.039)
(100, 0.040)
(101, 0.040)
(102, 0.039)
(103, 0.040)
(104, 0.040)
(105, 0.040)
(106, 0.040)
(107, 0.040)
(108, 0.040)
(109, 0.040)
(110, 0.040)
(111, 0.040)
(112, 0.040)
(113, 0.040)
(114, 0.040)
(115, 0.040)
(116, 0.040)
(117, 0.040)
(118, 0.040)
(119, 0.040)
(120, 0.040)
(121, 0.040)
(122, 0.040)
(123, 0.040)
(124, 0.040)
(125, 0.040)
(126, 0.040)
(127, 0.040)
(128, 0.040)
(129, 0.040)
(130, 0.040)
(131, 0.040)
(132, 0.040)
(133, 0.040)
(134, 0.040)
(135, 0.040)
(136, 0.040)
(137, 0.040)
(138, 0.040)
(139, 0.040)
(140, 0.040)
(141, 0.040)
(142, 0.040)
(143, 0.040)
(144, 0.040)
(145, 0.040)
(146, 0.040)
(147, 0.040)
(148, 0.040)
(149, 0.040)
(150, 0.040)
(151, 0.040)
(152, 0.040)
(153, 0.040)
(154, 0.040)
(155, 0.040)
(156, 0.040)
(157, 0.040)
(158, 0.040)
(159, 0.040)
(160, 0.040)
(161, 0.040)
(162, 0.040)
(163, 0.040)
(164, 0.040)
(165, 0.040)
(166, 0.040)
(167, 0.040)
(168, 0.040)
(169, 0.040)
(170, 0.040)
(171, 0.040)
(172, 0.040)
(173, 0.040)
(174, 0.040)
(175, 0.040)
(176, 0.040)
(177, 0.040)
(178, 0.040)
(179, 0.040)
(180, 0.040)
(181, 0.040)
(182, 0.040)
(183, 0.040)
(184, 0.040)
(185, 0.040)
(186, 0.040)
(187, 0.040)
(188, 0.040)
(189, 0.040)
(190, 0.040)
(191, 0.040)
(192, 0.040)
(193, 0.040)
(194, 0.040)
(195, 0.040)
(196, 0.040)
(197, 0.040)
(198, 0.040)
(199, 0.040)
(200, 0.040)
(201, 0.039)
(202, 0.038)
(203, 0.037)
(204, 0.036)
(205, 0.036)
(206, 0.035)
(207, 0.034)
(208, 0.033)
(209, 0.032)
(210, 0.032)
(211, 0.031)
(212, 0.030)
(213, 0.029)
(214, 0.028)
(215, 0.028)
(216, 0.027)
(217, 0.026)
(218, 0.025)
(219, 0.025)
(220, 0.024)
(221, 0.023)
(222, 0.022)
(223, 0.021)
(224, 0.021)
(225, 0.020)
(226, 0.019)
(227, 0.018)
(228, 0.018)
(229, 0.017)
(230, 0.016)
(231, 0.015)
(232, 0.014)
(233, 0.014)
(234, 0.013)
(235, 0.012)
(236, 0.011)
(237, 0.011)
(238, 0.010)
(239, 0.009)
(240, 0.008)
(241, 0.008)
(242, 0.007)
(243, 0.006)
(244, 0.005)
(245, 0.005)
(246, 0.004)
(247, 0.003)
(248, 0.002)
(249, 0.002)
(250, 0.001)
(251, 0.000)
(252, -0.001)
(253, -0.001)
(254, -0.002)
(255, -0.003)
(256, -0.004)
(257, -0.004)
(258, -0.005)
(259, -0.006)
(260, -0.006)
(261, -0.007)
(262, -0.008)
(263, -0.009)
(264, -0.009)
(265, -0.010)
(266, -0.011)
(267, -0.012)
(268, -0.012)
(269, -0.013)
(270, -0.014)
(271, -0.014)
(272, -0.015)
(273, -0.016)
(274, -0.017)
(275, -0.017)
(276, -0.018)
(277, -0.019)
(278, -0.019)
(279, -0.020)
(280, -0.021)
(281, -0.021)
(282, -0.022)
(283, -0.023)
(284, -0.024)
(285, -0.024)
(286, -0.025)
(287, -0.026)
(288, -0.026)
(289, -0.027)
(290, -0.028)
(291, -0.028)
(292, -0.029)
(293, -0.030)
(294, -0.030)
(295, -0.031)
(296, -0.032)
(297, -0.032)
(298, -0.033)
(299, -0.034)
(300, -0.034)
(301, -0.034)
(302, -0.034)
(303, -0.034)
(304, -0.034)
(305, -0.034)
(306, -0.034)
(307, -0.034)
(308, -0.034)
(309, -0.034)
(310, -0.034)
(311, -0.034)
(312, -0.034)
(313, -0.034)
(314, -0.034)
(315, -0.034)
(316, -0.034)
(317, -0.034)
(318, -0.034)
(319, -0.034)
(320, -0.034)
(321, -0.034)
(322, -0.034)
(323, -0.034)
(324, -0.034)
(325, -0.034)
(326, -0.034)
(327, -0.034)
(328, -0.034)
(329, -0.034)
(330, -0.034)
(331, -0.034)
(332, -0.034)
(333, -0.034)
(334, -0.034)
(335, -0.034)
(336, -0.034)
(337, -0.034)
(338, -0.034)
(339, -0.034)
(340, -0.034)
(341, -0.034)
(342, -0.034)
(343, -0.034)
(344, -0.034)
(345, -0.034)
(346, -0.034)
(347, -0.034)
(348, -0.034)
(349, -0.034)
(350, -0.034)
(351, -0.034)
(352, -0.034)
(353, -0.034)
(354, -0.034)
(355, -0.034)
(356, -0.034)
(357, -0.034)
(358, -0.034)
(359, -0.034)
(360, -0.034)
(361, -0.034)
(362, -0.034)
(363, -0.034)
(364, -0.034)
(365, -0.034)
(366, -0.034)
(367, -0.034)
(368, -0.034)
(369, -0.034)
(370, -0.034)
(371, -0.034)
(372, -0.034)
(373, -0.034)
(374, -0.034)
(375, -0.034)
(376, -0.034)
(377, -0.034)
(378, -0.034)
(379, -0.034)
(380, -0.034)
(381, -0.034)
(382, -0.034)
(383, -0.034)
(384, -0.034)
(385, -0.034)
(386, -0.034)
(387, -0.034)
(388, -0.034)
(389, -0.034)
(390, -0.034)
(391, -0.034)
(392, -0.034)
(393, -0.034)
(394, -0.034)
(395, -0.034)
(396, -0.034)
(397, -0.034)
(398, -0.034)
(399, -0.034)
(400, -0.034)
(401, -0.034)
(402, -0.033)
(403, -0.033)
(404, -0.033)
(405, -0.032)
(406, -0.032)
(407, -0.031)
(408, -0.031)
(409, -0.031)
(410, -0.030)
(411, -0.030)
(412, -0.030)
(413, -0.029)
(414, -0.029)
(415, -0.028)
(416, -0.028)
(417, -0.028)
(418, -0.027)
(419, -0.027)
(420, -0.026)
(421, -0.026)
(422, -0.026)
(423, -0.025)
(424, -0.025)
(425, -0.024)
(426, -0.024)
(427, -0.024)
(428, -0.023)
(429, -0.023)
(430, -0.022)
(431, -0.022)
(432, -0.022)
(433, -0.021)
(434, -0.021)
(435, -0.020)
(436, -0.020)
(437, -0.020)
(438, -0.019)
(439, -0.019)
(440, -0.018)
(441, -0.018)
(442, -0.017)
(443, -0.017)
(444, -0.017)
(445, -0.016)
(446, -0.016)
(447, -0.015)
(448, -0.015)
(449, -0.015)
(450, -0.014)
(451, -0.014)
(452, -0.013)
(453, -0.013)
(454, -0.012)
(455, -0.012)
(456, -0.012)
(457, -0.011)
(458, -0.011)
(459, -0.010)
(460, -0.010)
(461, -0.009)
(462, -0.009)
(463, -0.009)
(464, -0.008)
(465, -0.008)
(466, -0.007)
(467, -0.007)
(468, -0.006)
(469, -0.006)
(470, -0.005)
(471, -0.005)
(472, -0.005)
(473, -0.004)
(474, -0.004)
(475, -0.003)
(476, -0.003)
(477, -0.002)
(478, -0.002)
(479, -0.002)
(480, -0.001)
(481, -0.001)
(482, -0.000)
(483, 0.000)
(484, 0.001)
(485, 0.001)
(486, 0.002)
(487, 0.002)
(488, 0.003)
(489, 0.003)
(490, 0.003)
(491, 0.004)
(492, 0.004)
(493, 0.005)
(494, 0.005)
(495, 0.006)
(496, 0.006)
(497, 0.007)
(498, 0.007)
(499, 0.007)
(500, 0.008)
}

