\newcommand{\qRobotData}[0]{
(0, 0.000)
(1, -0.004)
(2, -0.004)
(3, -0.008)
(4, -0.012)
(5, -0.013)
(6, -0.017)
(7, -0.018)
(8, -0.022)
(9, -0.023)
(10, -0.026)
(11, -0.028)
(12, -0.031)
(13, -0.033)
(14, -0.036)
(15, -0.037)
(16, -0.041)
(17, -0.042)
(18, -0.045)
(19, -0.047)
(20, -0.049)
(21, -0.052)
(22, -0.053)
(23, -0.056)
(24, -0.057)
(25, -0.061)
(26, -0.062)
(27, -0.065)
(28, -0.066)
(29, -0.069)
(30, -0.070)
(31, -0.073)
(32, -0.074)
(33, -0.076)
(34, -0.075)
(35, -0.076)
(36, -0.075)
(37, -0.076)
(38, -0.075)
(39, -0.076)
(40, -0.075)
(41, -0.076)
(42, -0.075)
(43, -0.076)
(44, -0.075)
(45, -0.076)
(46, -0.076)
(47, -0.076)
(48, -0.076)
(49, -0.076)
(50, -0.076)
(51, -0.076)
(52, -0.076)
(53, -0.076)
(54, -0.076)
(55, -0.076)
(56, -0.076)
(57, -0.076)
(58, -0.076)
(59, -0.076)
(60, -0.076)
(61, -0.076)
(62, -0.076)
(63, -0.075)
(64, -0.076)
(65, -0.076)
(66, -0.076)
(67, -0.072)
(68, -0.071)
(69, -0.068)
(70, -0.067)
(71, -0.064)
(72, -0.062)
(73, -0.059)
(74, -0.058)
(75, -0.054)
(76, -0.054)
(77, -0.050)
(78, -0.049)
(79, -0.045)
(80, -0.045)
(81, -0.041)
(82, -0.040)
(83, -0.037)
(84, -0.035)
(85, -0.032)
(86, -0.030)
(87, -0.028)
(88, -0.025)
(89, -0.023)
(90, -0.021)
(91, -0.019)
(92, -0.016)
(93, -0.014)
(94, -0.011)
(95, -0.009)
(96, -0.007)
(97, -0.005)
(98, -0.002)
(99, -0.000)
(100, -0.001)
(101, -0.000)
(102, -0.001)
(103, -0.000)
(104, -0.001)
(105, -0.000)
(106, -0.001)
(107, -0.000)
(108, -0.001)
(109, -0.000)
(110, -0.001)
(111, -0.000)
(112, -0.001)
(113, -0.001)
(114, -0.000)
(115, -0.000)
(116, -0.001)
(117, -0.000)
(118, -0.001)
(119, -0.000)
(120, -0.001)
(121, -0.000)
(122, -0.001)
(123, -0.000)
(124, -0.001)
(125, -0.000)
(126, -0.001)
(127, -0.000)
(128, -0.001)
(129, -0.000)
(130, -0.001)
(131, -0.000)
(132, -0.001)
(133, -0.002)
(134, -0.005)
(135, -0.006)
(136, -0.009)
(137, -0.011)
(138, -0.014)
(139, -0.016)
(140, -0.018)
(141, -0.020)
(142, -0.023)
(143, -0.025)
(144, -0.027)
(145, -0.029)
(146, -0.031)
(147, -0.034)
(148, -0.036)
(149, -0.038)
(150, -0.040)
(151, -0.042)
(152, -0.044)
(153, -0.046)
(154, -0.048)
(155, -0.050)
(156, -0.053)
(157, -0.054)
(158, -0.056)
(159, -0.058)
(160, -0.060)
(161, -0.062)
(162, -0.064)
(163, -0.066)
(164, -0.068)
(165, -0.070)
(166, -0.072)
}

\newcommand{\qRobotData}[1]{
(0, -0.650)
(1, -0.650)
(2, -0.650)
(3, -0.650)
(4, -0.650)
(5, -0.650)
(6, -0.650)
(7, -0.650)
(8, -0.650)
(9, -0.650)
(10, -0.651)
(11, -0.651)
(12, -0.651)
(13, -0.651)
(14, -0.652)
(15, -0.651)
(16, -0.652)
(17, -0.652)
(18, -0.653)
(19, -0.652)
(20, -0.653)
(21, -0.653)
(22, -0.653)
(23, -0.654)
(24, -0.654)
(25, -0.655)
(26, -0.655)
(27, -0.655)
(28, -0.656)
(29, -0.656)
(30, -0.656)
(31, -0.657)
(32, -0.657)
(33, -0.657)
(34, -0.657)
(35, -0.657)
(36, -0.657)
(37, -0.657)
(38, -0.657)
(39, -0.657)
(40, -0.657)
(41, -0.657)
(42, -0.657)
(43, -0.657)
(44, -0.657)
(45, -0.657)
(46, -0.657)
(47, -0.657)
(48, -0.657)
(49, -0.657)
(50, -0.657)
(51, -0.657)
(52, -0.657)
(53, -0.657)
(54, -0.657)
(55, -0.657)
(56, -0.657)
(57, -0.657)
(58, -0.657)
(59, -0.657)
(60, -0.657)
(61, -0.657)
(62, -0.657)
(63, -0.657)
(64, -0.657)
(65, -0.657)
(66, -0.657)
(67, -0.658)
(68, -0.658)
(69, -0.658)
(70, -0.659)
(71, -0.659)
(72, -0.659)
(73, -0.660)
(74, -0.660)
(75, -0.660)
(76, -0.661)
(77, -0.661)
(78, -0.662)
(79, -0.662)
(80, -0.663)
(81, -0.663)
(82, -0.664)
(83, -0.664)
(84, -0.665)
(85, -0.665)
(86, -0.666)
(87, -0.667)
(88, -0.667)
(89, -0.668)
(90, -0.668)
(91, -0.669)
(92, -0.670)
(93, -0.671)
(94, -0.671)
(95, -0.672)
(96, -0.673)
(97, -0.673)
(98, -0.674)
(99, -0.675)
(100, -0.675)
(101, -0.675)
(102, -0.675)
(103, -0.675)
(104, -0.675)
(105, -0.675)
(106, -0.675)
(107, -0.675)
(108, -0.675)
(109, -0.675)
(110, -0.675)
(111, -0.675)
(112, -0.675)
(113, -0.675)
(114, -0.675)
(115, -0.675)
(116, -0.675)
(117, -0.675)
(118, -0.675)
(119, -0.675)
(120, -0.675)
(121, -0.675)
(122, -0.675)
(123, -0.675)
(124, -0.675)
(125, -0.675)
(126, -0.675)
(127, -0.675)
(128, -0.675)
(129, -0.675)
(130, -0.675)
(131, -0.675)
(132, -0.675)
(133, -0.675)
(134, -0.675)
(135, -0.675)
(136, -0.675)
(137, -0.675)
(138, -0.675)
(139, -0.675)
(140, -0.675)
(141, -0.675)
(142, -0.676)
(143, -0.676)
(144, -0.676)
(145, -0.676)
(146, -0.676)
(147, -0.676)
(148, -0.676)
(149, -0.677)
(150, -0.677)
(151, -0.677)
(152, -0.677)
(153, -0.678)
(154, -0.678)
(155, -0.678)
(156, -0.678)
(157, -0.679)
(158, -0.679)
(159, -0.679)
(160, -0.679)
(161, -0.680)
(162, -0.680)
(163, -0.680)
(164, -0.681)
(165, -0.680)
(166, -0.681)
}

\newcommand{\qRobotData}[2]{
(0, 0.000)
(1, -0.005)
(2, -0.005)
(3, -0.009)
(4, -0.014)
(5, -0.015)
(6, -0.020)
(7, -0.021)
(8, -0.025)
(9, -0.027)
(10, -0.031)
(11, -0.033)
(12, -0.036)
(13, -0.039)
(14, -0.042)
(15, -0.044)
(16, -0.047)
(17, -0.049)
(18, -0.053)
(19, -0.054)
(20, -0.058)
(21, -0.060)
(22, -0.062)
(23, -0.066)
(24, -0.067)
(25, -0.071)
(26, -0.072)
(27, -0.076)
(28, -0.077)
(29, -0.081)
(30, -0.082)
(31, -0.085)
(32, -0.087)
(33, -0.089)
(34, -0.088)
(35, -0.088)
(36, -0.088)
(37, -0.088)
(38, -0.088)
(39, -0.089)
(40, -0.088)
(41, -0.089)
(42, -0.088)
(43, -0.089)
(44, -0.088)
(45, -0.088)
(46, -0.088)
(47, -0.088)
(48, -0.088)
(49, -0.088)
(50, -0.089)
(51, -0.088)
(52, -0.089)
(53, -0.088)
(54, -0.089)
(55, -0.088)
(56, -0.089)
(57, -0.088)
(58, -0.089)
(59, -0.088)
(60, -0.089)
(61, -0.088)
(62, -0.089)
(63, -0.088)
(64, -0.089)
(65, -0.088)
(66, -0.089)
(67, -0.083)
(68, -0.083)
(69, -0.078)
(70, -0.078)
(71, -0.073)
(72, -0.072)
(73, -0.068)
(74, -0.067)
(75, -0.062)
(76, -0.061)
(77, -0.056)
(78, -0.055)
(79, -0.051)
(80, -0.050)
(81, -0.045)
(82, -0.043)
(83, -0.040)
(84, -0.037)
(85, -0.034)
(86, -0.031)
(87, -0.028)
(88, -0.025)
(89, -0.023)
(90, -0.019)
(91, -0.017)
(92, -0.013)
(93, -0.011)
(94, -0.007)
(95, -0.005)
(96, -0.001)
(97, 0.001)
(98, 0.005)
(99, 0.007)
(100, 0.007)
(101, 0.007)
(102, 0.006)
(103, 0.007)
(104, 0.007)
(105, 0.007)
(106, 0.007)
(107, 0.007)
(108, 0.007)
(109, 0.007)
(110, 0.007)
(111, 0.007)
(112, 0.007)
(113, 0.007)
(114, 0.007)
(115, 0.007)
(116, 0.007)
(117, 0.007)
(118, 0.007)
(119, 0.007)
(120, 0.007)
(121, 0.007)
(122, 0.007)
(123, 0.007)
(124, 0.006)
(125, 0.007)
(126, 0.007)
(127, 0.007)
(128, 0.007)
(129, 0.007)
(130, 0.007)
(131, 0.007)
(132, 0.007)
(133, 0.005)
(134, 0.001)
(135, -0.001)
(136, -0.005)
(137, -0.007)
(138, -0.011)
(139, -0.013)
(140, -0.017)
(141, -0.019)
(142, -0.022)
(143, -0.025)
(144, -0.028)
(145, -0.030)
(146, -0.033)
(147, -0.036)
(148, -0.039)
(149, -0.042)
(150, -0.044)
(151, -0.047)
(152, -0.050)
(153, -0.053)
(154, -0.055)
(155, -0.058)
(156, -0.061)
(157, -0.063)
(158, -0.065)
(159, -0.068)
(160, -0.071)
(161, -0.073)
(162, -0.075)
(163, -0.078)
(164, -0.080)
(165, -0.083)
(166, -0.085)
}

\newcommand{\qRobotData}[3]{
(0, 1.800)
(1, 1.800)
(2, 1.800)
(3, 1.800)
(4, 1.800)
(5, 1.800)
(6, 1.800)
(7, 1.800)
(8, 1.800)
(9, 1.800)
(10, 1.800)
(11, 1.800)
(12, 1.800)
(13, 1.800)
(14, 1.799)
(15, 1.800)
(16, 1.799)
(17, 1.799)
(18, 1.799)
(19, 1.800)
(20, 1.799)
(21, 1.799)
(22, 1.799)
(23, 1.799)
(24, 1.799)
(25, 1.799)
(26, 1.799)
(27, 1.799)
(28, 1.798)
(29, 1.798)
(30, 1.798)
(31, 1.798)
(32, 1.798)
(33, 1.798)
(34, 1.798)
(35, 1.798)
(36, 1.798)
(37, 1.798)
(38, 1.798)
(39, 1.798)
(40, 1.798)
(41, 1.798)
(42, 1.798)
(43, 1.798)
(44, 1.798)
(45, 1.798)
(46, 1.798)
(47, 1.798)
(48, 1.798)
(49, 1.798)
(50, 1.798)
(51, 1.798)
(52, 1.798)
(53, 1.798)
(54, 1.798)
(55, 1.798)
(56, 1.798)
(57, 1.798)
(58, 1.798)
(59, 1.798)
(60, 1.798)
(61, 1.798)
(62, 1.798)
(63, 1.798)
(64, 1.798)
(65, 1.798)
(66, 1.798)
(67, 1.797)
(68, 1.796)
(69, 1.795)
(70, 1.794)
(71, 1.793)
(72, 1.793)
(73, 1.791)
(74, 1.791)
(75, 1.790)
(76, 1.789)
(77, 1.788)
(78, 1.787)
(79, 1.786)
(80, 1.785)
(81, 1.784)
(82, 1.783)
(83, 1.782)
(84, 1.781)
(85, 1.780)
(86, 1.779)
(87, 1.778)
(88, 1.777)
(89, 1.776)
(90, 1.775)
(91, 1.774)
(92, 1.773)
(93, 1.772)
(94, 1.771)
(95, 1.770)
(96, 1.769)
(97, 1.768)
(98, 1.767)
(99, 1.767)
(100, 1.766)
(101, 1.766)
(102, 1.766)
(103, 1.766)
(104, 1.766)
(105, 1.766)
(106, 1.766)
(107, 1.767)
(108, 1.766)
(109, 1.767)
(110, 1.766)
(111, 1.767)
(112, 1.766)
(113, 1.767)
(114, 1.766)
(115, 1.767)
(116, 1.766)
(117, 1.767)
(118, 1.766)
(119, 1.767)
(120, 1.766)
(121, 1.767)
(122, 1.766)
(123, 1.766)
(124, 1.766)
(125, 1.766)
(126, 1.766)
(127, 1.766)
(128, 1.766)
(129, 1.767)
(130, 1.766)
(131, 1.766)
(132, 1.767)
(133, 1.766)
(134, 1.767)
(135, 1.766)
(136, 1.767)
(137, 1.766)
(138, 1.767)
(139, 1.767)
(140, 1.767)
(141, 1.767)
(142, 1.767)
(143, 1.767)
(144, 1.767)
(145, 1.767)
(146, 1.767)
(147, 1.767)
(148, 1.767)
(149, 1.767)
(150, 1.767)
(151, 1.767)
(152, 1.767)
(153, 1.767)
(154, 1.767)
(155, 1.767)
(156, 1.767)
(157, 1.767)
(158, 1.767)
(159, 1.767)
(160, 1.767)
(161, 1.767)
(162, 1.767)
(163, 1.767)
(164, 1.767)
(165, 1.767)
(166, 1.767)
}

\newcommand{\qRobotData}[4]{
(0, 0.000)
(1, -0.002)
(2, -0.002)
(3, -0.003)
(4, -0.005)
(5, -0.005)
(6, -0.007)
(7, -0.007)
(8, -0.008)
(9, -0.009)
(10, -0.010)
(11, -0.011)
(12, -0.012)
(13, -0.012)
(14, -0.014)
(15, -0.014)
(16, -0.015)
(17, -0.016)
(18, -0.017)
(19, -0.017)
(20, -0.018)
(21, -0.019)
(22, -0.020)
(23, -0.021)
(24, -0.021)
(25, -0.022)
(26, -0.023)
(27, -0.024)
(28, -0.024)
(29, -0.026)
(30, -0.026)
(31, -0.027)
(32, -0.027)
(33, -0.028)
(34, -0.028)
(35, -0.028)
(36, -0.028)
(37, -0.028)
(38, -0.028)
(39, -0.028)
(40, -0.028)
(41, -0.028)
(42, -0.028)
(43, -0.028)
(44, -0.028)
(45, -0.028)
(46, -0.028)
(47, -0.028)
(48, -0.028)
(49, -0.028)
(50, -0.028)
(51, -0.028)
(52, -0.028)
(53, -0.028)
(54, -0.028)
(55, -0.028)
(56, -0.028)
(57, -0.028)
(58, -0.028)
(59, -0.028)
(60, -0.028)
(61, -0.028)
(62, -0.028)
(63, -0.028)
(64, -0.028)
(65, -0.028)
(66, -0.028)
(67, -0.027)
(68, -0.027)
(69, -0.025)
(70, -0.025)
(71, -0.024)
(72, -0.024)
(73, -0.023)
(74, -0.023)
(75, -0.022)
(76, -0.021)
(77, -0.020)
(78, -0.020)
(79, -0.019)
(80, -0.019)
(81, -0.018)
(82, -0.017)
(83, -0.016)
(84, -0.016)
(85, -0.015)
(86, -0.015)
(87, -0.014)
(88, -0.013)
(89, -0.013)
(90, -0.012)
(91, -0.011)
(92, -0.011)
(93, -0.010)
(94, -0.009)
(95, -0.009)
(96, -0.008)
(97, -0.008)
(98, -0.007)
(99, -0.006)
(100, -0.006)
(101, -0.006)
(102, -0.006)
(103, -0.006)
(104, -0.006)
(105, -0.006)
(106, -0.006)
(107, -0.006)
(108, -0.006)
(109, -0.006)
(110, -0.006)
(111, -0.006)
(112, -0.006)
(113, -0.006)
(114, -0.006)
(115, -0.006)
(116, -0.006)
(117, -0.006)
(118, -0.006)
(119, -0.006)
(120, -0.006)
(121, -0.006)
(122, -0.006)
(123, -0.006)
(124, -0.006)
(125, -0.006)
(126, -0.006)
(127, -0.006)
(128, -0.006)
(129, -0.006)
(130, -0.006)
(131, -0.006)
(132, -0.006)
(133, -0.007)
(134, -0.008)
(135, -0.008)
(136, -0.009)
(137, -0.009)
(138, -0.010)
(139, -0.011)
(140, -0.011)
(141, -0.012)
(142, -0.012)
(143, -0.013)
(144, -0.014)
(145, -0.014)
(146, -0.015)
(147, -0.015)
(148, -0.016)
(149, -0.017)
(150, -0.017)
(151, -0.018)
(152, -0.018)
(153, -0.019)
(154, -0.019)
(155, -0.020)
(156, -0.021)
(157, -0.021)
(158, -0.022)
(159, -0.022)
(160, -0.023)
(161, -0.023)
(162, -0.024)
(163, -0.024)
(164, -0.025)
(165, -0.025)
(166, -0.026)
}

\newcommand{\qRobotData}[5]{
(0, 0.420)
(1, 0.420)
(2, 0.420)
(3, 0.420)
(4, 0.420)
(5, 0.420)
(6, 0.420)
(7, 0.420)
(8, 0.420)
(9, 0.420)
(10, 0.420)
(11, 0.420)
(12, 0.420)
(13, 0.420)
(14, 0.420)
(15, 0.420)
(16, 0.420)
(17, 0.420)
(18, 0.420)
(19, 0.421)
(20, 0.421)
(21, 0.421)
(22, 0.421)
(23, 0.421)
(24, 0.421)
(25, 0.421)
(26, 0.421)
(27, 0.421)
(28, 0.421)
(29, 0.421)
(30, 0.421)
(31, 0.422)
(32, 0.422)
(33, 0.422)
(34, 0.422)
(35, 0.422)
(36, 0.422)
(37, 0.422)
(38, 0.422)
(39, 0.422)
(40, 0.422)
(41, 0.422)
(42, 0.422)
(43, 0.422)
(44, 0.422)
(45, 0.422)
(46, 0.422)
(47, 0.422)
(48, 0.422)
(49, 0.422)
(50, 0.422)
(51, 0.422)
(52, 0.422)
(53, 0.422)
(54, 0.422)
(55, 0.422)
(56, 0.422)
(57, 0.422)
(58, 0.422)
(59, 0.422)
(60, 0.422)
(61, 0.422)
(62, 0.422)
(63, 0.422)
(64, 0.422)
(65, 0.422)
(66, 0.422)
(67, 0.420)
(68, 0.420)
(69, 0.419)
(70, 0.419)
(71, 0.418)
(72, 0.418)
(73, 0.417)
(74, 0.416)
(75, 0.415)
(76, 0.415)
(77, 0.414)
(78, 0.413)
(79, 0.413)
(80, 0.412)
(81, 0.411)
(82, 0.411)
(83, 0.410)
(84, 0.409)
(85, 0.409)
(86, 0.408)
(87, 0.407)
(88, 0.407)
(89, 0.406)
(90, 0.406)
(91, 0.405)
(92, 0.404)
(93, 0.404)
(94, 0.403)
(95, 0.402)
(96, 0.402)
(97, 0.401)
(98, 0.401)
(99, 0.400)
(100, 0.400)
(101, 0.400)
(102, 0.400)
(103, 0.400)
(104, 0.400)
(105, 0.400)
(106, 0.400)
(107, 0.400)
(108, 0.400)
(109, 0.400)
(110, 0.400)
(111, 0.400)
(112, 0.400)
(113, 0.400)
(114, 0.400)
(115, 0.400)
(116, 0.400)
(117, 0.400)
(118, 0.400)
(119, 0.400)
(120, 0.400)
(121, 0.400)
(122, 0.400)
(123, 0.400)
(124, 0.400)
(125, 0.400)
(126, 0.400)
(127, 0.400)
(128, 0.400)
(129, 0.400)
(130, 0.400)
(131, 0.400)
(132, 0.400)
(133, 0.400)
(134, 0.400)
(135, 0.400)
(136, 0.400)
(137, 0.400)
(138, 0.400)
(139, 0.400)
(140, 0.401)
(141, 0.400)
(142, 0.401)
(143, 0.401)
(144, 0.401)
(145, 0.401)
(146, 0.401)
(147, 0.401)
(148, 0.401)
(149, 0.401)
(150, 0.401)
(151, 0.401)
(152, 0.401)
(153, 0.401)
(154, 0.402)
(155, 0.402)
(156, 0.402)
(157, 0.402)
(158, 0.402)
(159, 0.402)
(160, 0.402)
(161, 0.402)
(162, 0.403)
(163, 0.403)
(164, 0.403)
(165, 0.403)
(166, 0.403)
}

\newcommand{\qRobotData}[6]{
(0, 0.000)
(1, -0.000)
(2, -0.000)
(3, -0.001)
(4, -0.001)
(5, -0.001)
(6, -0.001)
(7, -0.001)
(8, -0.002)
(9, -0.002)
(10, -0.002)
(11, -0.002)
(12, -0.002)
(13, -0.002)
(14, -0.002)
(15, -0.002)
(16, -0.003)
(17, -0.003)
(18, -0.003)
(19, -0.003)
(20, -0.003)
(21, -0.003)
(22, -0.003)
(23, -0.003)
(24, -0.003)
(25, -0.004)
(26, -0.004)
(27, -0.004)
(28, -0.004)
(29, -0.004)
(30, -0.004)
(31, -0.004)
(32, -0.004)
(33, -0.004)
(34, -0.004)
(35, -0.004)
(36, -0.004)
(37, -0.004)
(38, -0.004)
(39, -0.004)
(40, -0.004)
(41, -0.004)
(42, -0.004)
(43, -0.004)
(44, -0.004)
(45, -0.004)
(46, -0.004)
(47, -0.004)
(48, -0.004)
(49, -0.004)
(50, -0.004)
(51, -0.004)
(52, -0.004)
(53, -0.004)
(54, -0.004)
(55, -0.004)
(56, -0.004)
(57, -0.004)
(58, -0.004)
(59, -0.004)
(60, -0.004)
(61, -0.004)
(62, -0.004)
(63, -0.004)
(64, -0.004)
(65, -0.004)
(66, -0.004)
(67, -0.004)
(68, -0.004)
(69, -0.004)
(70, -0.004)
(71, -0.005)
(72, -0.005)
(73, -0.005)
(74, -0.005)
(75, -0.005)
(76, -0.005)
(77, -0.005)
(78, -0.005)
(79, -0.005)
(80, -0.005)
(81, -0.005)
(82, -0.005)
(83, -0.005)
(84, -0.005)
(85, -0.006)
(86, -0.006)
(87, -0.006)
(88, -0.006)
(89, -0.006)
(90, -0.006)
(91, -0.006)
(92, -0.006)
(93, -0.006)
(94, -0.006)
(95, -0.006)
(96, -0.006)
(97, -0.007)
(98, -0.007)
(99, -0.007)
(100, -0.007)
(101, -0.007)
(102, -0.007)
(103, -0.007)
(104, -0.007)
(105, -0.007)
(106, -0.007)
(107, -0.007)
(108, -0.007)
(109, -0.007)
(110, -0.007)
(111, -0.007)
(112, -0.007)
(113, -0.007)
(114, -0.007)
(115, -0.007)
(116, -0.007)
(117, -0.007)
(118, -0.007)
(119, -0.007)
(120, -0.007)
(121, -0.007)
(122, -0.007)
(123, -0.007)
(124, -0.007)
(125, -0.007)
(126, -0.007)
(127, -0.007)
(128, -0.007)
(129, -0.007)
(130, -0.007)
(131, -0.007)
(132, -0.007)
(133, -0.007)
(134, -0.007)
(135, -0.006)
(136, -0.006)
(137, -0.006)
(138, -0.006)
(139, -0.006)
(140, -0.006)
(141, -0.006)
(142, -0.006)
(143, -0.006)
(144, -0.006)
(145, -0.006)
(146, -0.005)
(147, -0.005)
(148, -0.005)
(149, -0.005)
(150, -0.005)
(151, -0.005)
(152, -0.005)
(153, -0.005)
(154, -0.005)
(155, -0.005)
(156, -0.004)
(157, -0.004)
(158, -0.004)
(159, -0.004)
(160, -0.004)
(161, -0.004)
(162, -0.004)
(163, -0.004)
(164, -0.004)
(165, -0.003)
(166, -0.003)
}

