\newcommand{\trackingSlowQRobotDataC}{
(0, 0.000)
(1, -0.002)
(2, -0.002)
(3, -0.004)
(4, -0.004)
(5, -0.006)
(6, -0.006)
(7, -0.008)
(8, -0.008)
(9, -0.010)
(10, -0.010)
(11, -0.011)
(12, -0.012)
(13, -0.013)
(14, -0.014)
(15, -0.015)
(16, -0.016)
(17, -0.017)
(18, -0.018)
(19, -0.019)
(20, -0.020)
(21, -0.021)
(22, -0.022)
(23, -0.023)
(24, -0.024)
(25, -0.025)
(26, -0.026)
(27, -0.027)
(28, -0.027)
(29, -0.029)
(30, -0.029)
(31, -0.031)
(32, -0.031)
(33, -0.032)
(34, -0.033)
(35, -0.034)
(36, -0.035)
(37, -0.036)
(38, -0.037)
(39, -0.038)
(40, -0.039)
(41, -0.040)
(42, -0.041)
(43, -0.042)
(44, -0.043)
(45, -0.044)
(46, -0.045)
(47, -0.046)
(48, -0.047)
(49, -0.048)
(50, -0.049)
(51, -0.050)
(52, -0.051)
(53, -0.051)
(54, -0.052)
(55, -0.053)
(56, -0.054)
(57, -0.055)
(58, -0.056)
(59, -0.057)
(60, -0.058)
(61, -0.059)
(62, -0.060)
(63, -0.061)
(64, -0.062)
(65, -0.063)
(66, -0.064)
(67, -0.065)
(68, -0.066)
(69, -0.066)
(70, -0.067)
(71, -0.068)
(72, -0.069)
(73, -0.070)
(74, -0.071)
(75, -0.072)
(76, -0.073)
(77, -0.074)
(78, -0.075)
(79, -0.076)
(80, -0.077)
(81, -0.077)
(82, -0.078)
(83, -0.079)
(84, -0.080)
(85, -0.081)
(86, -0.082)
(87, -0.083)
(88, -0.084)
(89, -0.085)
(90, -0.086)
(91, -0.087)
(92, -0.087)
(93, -0.088)
(94, -0.089)
(95, -0.090)
(96, -0.091)
(97, -0.092)
(98, -0.093)
(99, -0.094)
(100, -0.095)
(101, -0.094)
(102, -0.095)
(103, -0.094)
(104, -0.094)
(105, -0.094)
(106, -0.094)
(107, -0.094)
(108, -0.094)
(109, -0.094)
(110, -0.094)
(111, -0.094)
(112, -0.094)
(113, -0.094)
(114, -0.094)
(115, -0.094)
(116, -0.094)
(117, -0.094)
(118, -0.094)
(119, -0.094)
(120, -0.094)
(121, -0.094)
(122, -0.094)
(123, -0.094)
(124, -0.094)
(125, -0.094)
(126, -0.094)
(127, -0.094)
(128, -0.094)
(129, -0.094)
(130, -0.094)
(131, -0.094)
(132, -0.094)
(133, -0.094)
(134, -0.094)
(135, -0.094)
(136, -0.094)
(137, -0.094)
(138, -0.094)
(139, -0.094)
(140, -0.094)
(141, -0.094)
(142, -0.094)
(143, -0.094)
(144, -0.094)
(145, -0.094)
(146, -0.094)
(147, -0.094)
(148, -0.094)
(149, -0.094)
(150, -0.094)
(151, -0.094)
(152, -0.094)
(153, -0.094)
(154, -0.094)
(155, -0.094)
(156, -0.094)
(157, -0.094)
(158, -0.094)
(159, -0.094)
(160, -0.094)
(161, -0.094)
(162, -0.094)
(163, -0.094)
(164, -0.094)
(165, -0.094)
(166, -0.094)
(167, -0.094)
(168, -0.094)
(169, -0.094)
(170, -0.094)
(171, -0.094)
(172, -0.094)
(173, -0.094)
(174, -0.094)
(175, -0.094)
(176, -0.094)
(177, -0.094)
(178, -0.094)
(179, -0.094)
(180, -0.094)
(181, -0.094)
(182, -0.094)
(183, -0.094)
(184, -0.094)
(185, -0.094)
(186, -0.094)
(187, -0.094)
(188, -0.094)
(189, -0.094)
(190, -0.094)
(191, -0.094)
(192, -0.094)
(193, -0.094)
(194, -0.094)
(195, -0.094)
(196, -0.094)
(197, -0.094)
(198, -0.094)
(199, -0.094)
(200, -0.094)
(201, -0.092)
(202, -0.092)
(203, -0.090)
(204, -0.090)
(205, -0.089)
(206, -0.088)
(207, -0.087)
(208, -0.086)
(209, -0.085)
(210, -0.084)
(211, -0.083)
(212, -0.082)
(213, -0.081)
(214, -0.080)
(215, -0.079)
(216, -0.078)
(217, -0.077)
(218, -0.076)
(219, -0.075)
(220, -0.075)
(221, -0.073)
(222, -0.073)
(223, -0.071)
(224, -0.071)
(225, -0.069)
(226, -0.069)
(227, -0.067)
(228, -0.067)
(229, -0.065)
(230, -0.065)
(231, -0.063)
(232, -0.063)
(233, -0.061)
(234, -0.061)
(235, -0.059)
(236, -0.059)
(237, -0.058)
(238, -0.057)
(239, -0.056)
(240, -0.055)
(241, -0.054)
(242, -0.053)
(243, -0.052)
(244, -0.051)
(245, -0.050)
(246, -0.049)
(247, -0.048)
(248, -0.047)
(249, -0.046)
(250, -0.045)
(251, -0.044)
(252, -0.043)
(253, -0.042)
(254, -0.041)
(255, -0.040)
(256, -0.039)
(257, -0.038)
(258, -0.037)
(259, -0.036)
(260, -0.035)
(261, -0.034)
(262, -0.033)
(263, -0.032)
(264, -0.031)
(265, -0.030)
(266, -0.029)
(267, -0.028)
(268, -0.027)
(269, -0.026)
(270, -0.025)
(271, -0.024)
(272, -0.023)
(273, -0.022)
(274, -0.021)
(275, -0.019)
(276, -0.019)
(277, -0.017)
(278, -0.017)
(279, -0.015)
(280, -0.014)
(281, -0.013)
(282, -0.012)
(283, -0.011)
(284, -0.010)
(285, -0.009)
(286, -0.008)
(287, -0.007)
(288, -0.006)
(289, -0.005)
(290, -0.004)
(291, -0.003)
(292, -0.002)
(293, -0.001)
(294, -0.000)
(295, 0.001)
(296, 0.002)
(297, 0.003)
(298, 0.004)
(299, 0.005)
(300, 0.006)
(301, 0.005)
(302, 0.005)
(303, 0.005)
(304, 0.005)
(305, 0.005)
(306, 0.005)
(307, 0.005)
(308, 0.005)
(309, 0.005)
(310, 0.005)
(311, 0.005)
(312, 0.005)
(313, 0.005)
(314, 0.005)
(315, 0.005)
(316, 0.005)
(317, 0.005)
(318, 0.005)
(319, 0.005)
(320, 0.005)
(321, 0.005)
(322, 0.005)
(323, 0.005)
(324, 0.005)
(325, 0.005)
(326, 0.005)
(327, 0.005)
(328, 0.005)
(329, 0.005)
(330, 0.005)
(331, 0.005)
(332, 0.005)
(333, 0.005)
(334, 0.005)
(335, 0.005)
(336, 0.005)
(337, 0.005)
(338, 0.005)
(339, 0.005)
(340, 0.005)
(341, 0.005)
(342, 0.005)
(343, 0.005)
(344, 0.005)
(345, 0.005)
(346, 0.005)
(347, 0.005)
(348, 0.005)
(349, 0.005)
(350, 0.005)
(351, 0.005)
(352, 0.005)
(353, 0.005)
(354, 0.005)
(355, 0.005)
(356, 0.005)
(357, 0.005)
(358, 0.005)
(359, 0.005)
(360, 0.005)
(361, 0.005)
(362, 0.005)
(363, 0.005)
(364, 0.005)
(365, 0.005)
(366, 0.005)
(367, 0.005)
(368, 0.005)
(369, 0.005)
(370, 0.005)
(371, 0.005)
(372, 0.005)
(373, 0.005)
(374, 0.005)
(375, 0.005)
(376, 0.005)
(377, 0.005)
(378, 0.005)
(379, 0.005)
(380, 0.005)
(381, 0.005)
(382, 0.005)
(383, 0.005)
(384, 0.005)
(385, 0.005)
(386, 0.005)
(387, 0.005)
(388, 0.005)
(389, 0.005)
(390, 0.005)
(391, 0.005)
(392, 0.005)
(393, 0.005)
(394, 0.005)
(395, 0.005)
(396, 0.005)
(397, 0.005)
(398, 0.005)
(399, 0.005)
(400, 0.005)
(401, 0.003)
(402, 0.003)
(403, 0.001)
(404, 0.001)
(405, -0.001)
(406, -0.001)
(407, -0.003)
(408, -0.003)
(409, -0.005)
(410, -0.005)
(411, -0.007)
(412, -0.007)
(413, -0.009)
(414, -0.009)
(415, -0.011)
(416, -0.011)
(417, -0.013)
(418, -0.013)
(419, -0.015)
(420, -0.015)
(421, -0.017)
(422, -0.017)
(423, -0.019)
(424, -0.019)
(425, -0.021)
(426, -0.021)
(427, -0.023)
(428, -0.023)
(429, -0.025)
(430, -0.025)
(431, -0.027)
(432, -0.027)
(433, -0.028)
(434, -0.029)
(435, -0.030)
(436, -0.031)
(437, -0.032)
(438, -0.033)
(439, -0.034)
(440, -0.035)
(441, -0.036)
(442, -0.037)
(443, -0.038)
(444, -0.039)
(445, -0.040)
(446, -0.041)
(447, -0.042)
(448, -0.043)
(449, -0.044)
(450, -0.045)
(451, -0.046)
(452, -0.047)
(453, -0.048)
(454, -0.049)
(455, -0.050)
(456, -0.051)
(457, -0.052)
(458, -0.053)
(459, -0.054)
(460, -0.055)
(461, -0.056)
(462, -0.056)
(463, -0.058)
(464, -0.058)
(465, -0.060)
(466, -0.060)
(467, -0.061)
(468, -0.062)
(469, -0.063)
(470, -0.064)
(471, -0.065)
(472, -0.066)
(473, -0.067)
(474, -0.068)
(475, -0.069)
(476, -0.070)
(477, -0.071)
(478, -0.072)
(479, -0.073)
(480, -0.074)
(481, -0.075)
(482, -0.076)
(483, -0.077)
(484, -0.077)
(485, -0.078)
(486, -0.079)
(487, -0.080)
(488, -0.081)
(489, -0.082)
(490, -0.083)
(491, -0.084)
(492, -0.085)
(493, -0.086)
(494, -0.087)
(495, -0.088)
(496, -0.089)
(497, -0.090)
(498, -0.090)
(499, -0.091)
(500, -0.092)
}