\newcommand{\trackingSlowQRobotDataA}{
(0, 0.000)
(1, -0.002)
(2, -0.002)
(3, -0.003)
(4, -0.003)
(5, -0.005)
(6, -0.005)
(7, -0.006)
(8, -0.007)
(9, -0.008)
(10, -0.008)
(11, -0.010)
(12, -0.010)
(13, -0.011)
(14, -0.012)
(15, -0.013)
(16, -0.013)
(17, -0.015)
(18, -0.015)
(19, -0.016)
(20, -0.017)
(21, -0.018)
(22, -0.018)
(23, -0.019)
(24, -0.020)
(25, -0.021)
(26, -0.022)
(27, -0.023)
(28, -0.023)
(29, -0.024)
(30, -0.025)
(31, -0.026)
(32, -0.027)
(33, -0.028)
(34, -0.028)
(35, -0.029)
(36, -0.030)
(37, -0.031)
(38, -0.032)
(39, -0.032)
(40, -0.033)
(41, -0.034)
(42, -0.035)
(43, -0.036)
(44, -0.036)
(45, -0.037)
(46, -0.038)
(47, -0.039)
(48, -0.040)
(49, -0.041)
(50, -0.041)
(51, -0.042)
(52, -0.043)
(53, -0.044)
(54, -0.045)
(55, -0.045)
(56, -0.046)
(57, -0.047)
(58, -0.048)
(59, -0.049)
(60, -0.049)
(61, -0.050)
(62, -0.051)
(63, -0.052)
(64, -0.053)
(65, -0.053)
(66, -0.054)
(67, -0.055)
(68, -0.056)
(69, -0.057)
(70, -0.057)
(71, -0.058)
(72, -0.059)
(73, -0.060)
(74, -0.061)
(75, -0.061)
(76, -0.062)
(77, -0.063)
(78, -0.064)
(79, -0.065)
(80, -0.065)
(81, -0.066)
(82, -0.067)
(83, -0.068)
(84, -0.068)
(85, -0.069)
(86, -0.070)
(87, -0.071)
(88, -0.072)
(89, -0.072)
(90, -0.073)
(91, -0.074)
(92, -0.075)
(93, -0.075)
(94, -0.076)
(95, -0.077)
(96, -0.078)
(97, -0.079)
(98, -0.079)
(99, -0.080)
(100, -0.081)
(101, -0.080)
(102, -0.081)
(103, -0.080)
(104, -0.081)
(105, -0.080)
(106, -0.081)
(107, -0.080)
(108, -0.081)
(109, -0.080)
(110, -0.081)
(111, -0.080)
(112, -0.081)
(113, -0.080)
(114, -0.081)
(115, -0.080)
(116, -0.081)
(117, -0.080)
(118, -0.081)
(119, -0.080)
(120, -0.081)
(121, -0.081)
(122, -0.081)
(123, -0.081)
(124, -0.081)
(125, -0.081)
(126, -0.081)
(127, -0.081)
(128, -0.081)
(129, -0.081)
(130, -0.081)
(131, -0.081)
(132, -0.081)
(133, -0.081)
(134, -0.081)
(135, -0.081)
(136, -0.081)
(137, -0.081)
(138, -0.081)
(139, -0.081)
(140, -0.081)
(141, -0.081)
(142, -0.081)
(143, -0.081)
(144, -0.081)
(145, -0.081)
(146, -0.081)
(147, -0.081)
(148, -0.081)
(149, -0.081)
(150, -0.081)
(151, -0.081)
(152, -0.081)
(153, -0.081)
(154, -0.081)
(155, -0.081)
(156, -0.081)
(157, -0.081)
(158, -0.081)
(159, -0.081)
(160, -0.081)
(161, -0.081)
(162, -0.081)
(163, -0.081)
(164, -0.081)
(165, -0.081)
(166, -0.081)
(167, -0.081)
(168, -0.081)
(169, -0.081)
(170, -0.081)
(171, -0.081)
(172, -0.081)
(173, -0.081)
(174, -0.081)
(175, -0.081)
(176, -0.081)
(177, -0.081)
(178, -0.081)
(179, -0.081)
(180, -0.081)
(181, -0.081)
(182, -0.081)
(183, -0.081)
(184, -0.081)
(185, -0.081)
(186, -0.081)
(187, -0.081)
(188, -0.081)
(189, -0.081)
(190, -0.081)
(191, -0.081)
(192, -0.081)
(193, -0.081)
(194, -0.081)
(195, -0.081)
(196, -0.081)
(197, -0.081)
(198, -0.081)
(199, -0.081)
(200, -0.081)
(201, -0.079)
(202, -0.079)
(203, -0.077)
(204, -0.077)
(205, -0.076)
(206, -0.076)
(207, -0.074)
(208, -0.074)
(209, -0.073)
(210, -0.072)
(211, -0.071)
(212, -0.071)
(213, -0.070)
(214, -0.069)
(215, -0.068)
(216, -0.068)
(217, -0.067)
(218, -0.066)
(219, -0.065)
(220, -0.064)
(221, -0.063)
(222, -0.063)
(223, -0.062)
(224, -0.061)
(225, -0.060)
(226, -0.060)
(227, -0.059)
(228, -0.058)
(229, -0.057)
(230, -0.056)
(231, -0.056)
(232, -0.055)
(233, -0.054)
(234, -0.053)
(235, -0.052)
(236, -0.052)
(237, -0.051)
(238, -0.050)
(239, -0.049)
(240, -0.049)
(241, -0.048)
(242, -0.047)
(243, -0.046)
(244, -0.045)
(245, -0.045)
(246, -0.044)
(247, -0.043)
(248, -0.042)
(249, -0.041)
(250, -0.041)
(251, -0.040)
(252, -0.039)
(253, -0.038)
(254, -0.037)
(255, -0.037)
(256, -0.036)
(257, -0.035)
(258, -0.034)
(259, -0.033)
(260, -0.033)
(261, -0.032)
(262, -0.031)
(263, -0.030)
(264, -0.030)
(265, -0.029)
(266, -0.028)
(267, -0.027)
(268, -0.026)
(269, -0.026)
(270, -0.025)
(271, -0.024)
(272, -0.023)
(273, -0.022)
(274, -0.022)
(275, -0.021)
(276, -0.020)
(277, -0.019)
(278, -0.019)
(279, -0.018)
(280, -0.017)
(281, -0.016)
(282, -0.016)
(283, -0.015)
(284, -0.014)
(285, -0.013)
(286, -0.012)
(287, -0.012)
(288, -0.011)
(289, -0.010)
(290, -0.009)
(291, -0.009)
(292, -0.008)
(293, -0.007)
(294, -0.006)
(295, -0.005)
(296, -0.005)
(297, -0.004)
(298, -0.003)
(299, -0.002)
(300, -0.002)
(301, -0.002)
(302, -0.002)
(303, -0.002)
(304, -0.002)
(305, -0.002)
(306, -0.002)
(307, -0.002)
(308, -0.002)
(309, -0.002)
(310, -0.002)
(311, -0.002)
(312, -0.002)
(313, -0.002)
(314, -0.002)
(315, -0.002)
(316, -0.002)
(317, -0.002)
(318, -0.002)
(319, -0.002)
(320, -0.002)
(321, -0.002)
(322, -0.002)
(323, -0.002)
(324, -0.002)
(325, -0.002)
(326, -0.002)
(327, -0.002)
(328, -0.002)
(329, -0.002)
(330, -0.002)
(331, -0.002)
(332, -0.002)
(333, -0.002)
(334, -0.002)
(335, -0.002)
(336, -0.002)
(337, -0.002)
(338, -0.002)
(339, -0.002)
(340, -0.002)
(341, -0.002)
(342, -0.002)
(343, -0.002)
(344, -0.002)
(345, -0.002)
(346, -0.002)
(347, -0.002)
(348, -0.002)
(349, -0.002)
(350, -0.002)
(351, -0.002)
(352, -0.002)
(353, -0.002)
(354, -0.002)
(355, -0.002)
(356, -0.002)
(357, -0.002)
(358, -0.002)
(359, -0.002)
(360, -0.002)
(361, -0.002)
(362, -0.002)
(363, -0.002)
(364, -0.002)
(365, -0.002)
(366, -0.002)
(367, -0.002)
(368, -0.002)
(369, -0.002)
(370, -0.002)
(371, -0.002)
(372, -0.002)
(373, -0.002)
(374, -0.002)
(375, -0.002)
(376, -0.002)
(377, -0.002)
(378, -0.002)
(379, -0.002)
(380, -0.002)
(381, -0.002)
(382, -0.002)
(383, -0.002)
(384, -0.002)
(385, -0.002)
(386, -0.002)
(387, -0.002)
(388, -0.002)
(389, -0.002)
(390, -0.002)
(391, -0.002)
(392, -0.002)
(393, -0.002)
(394, -0.002)
(395, -0.002)
(396, -0.002)
(397, -0.002)
(398, -0.002)
(399, -0.002)
(400, -0.002)
(401, -0.004)
(402, -0.004)
(403, -0.005)
(404, -0.005)
(405, -0.007)
(406, -0.007)
(407, -0.008)
(408, -0.008)
(409, -0.010)
(410, -0.010)
(411, -0.011)
(412, -0.011)
(413, -0.013)
(414, -0.013)
(415, -0.014)
(416, -0.014)
(417, -0.016)
(418, -0.016)
(419, -0.017)
(420, -0.017)
(421, -0.019)
(422, -0.019)
(423, -0.020)
(424, -0.020)
(425, -0.022)
(426, -0.022)
(427, -0.023)
(428, -0.024)
(429, -0.025)
(430, -0.025)
(431, -0.026)
(432, -0.027)
(433, -0.028)
(434, -0.028)
(435, -0.029)
(436, -0.030)
(437, -0.031)
(438, -0.031)
(439, -0.032)
(440, -0.033)
(441, -0.034)
(442, -0.034)
(443, -0.035)
(444, -0.036)
(445, -0.037)
(446, -0.037)
(447, -0.038)
(448, -0.039)
(449, -0.040)
(450, -0.040)
(451, -0.041)
(452, -0.042)
(453, -0.043)
(454, -0.043)
(455, -0.044)
(456, -0.045)
(457, -0.046)
(458, -0.046)
(459, -0.047)
(460, -0.048)
(461, -0.049)
(462, -0.049)
(463, -0.050)
(464, -0.051)
(465, -0.052)
(466, -0.052)
(467, -0.053)
(468, -0.054)
(469, -0.055)
(470, -0.055)
(471, -0.056)
(472, -0.057)
(473, -0.058)
(474, -0.058)
(475, -0.059)
(476, -0.060)
(477, -0.060)
(478, -0.061)
(479, -0.062)
(480, -0.063)
(481, -0.063)
(482, -0.064)
(483, -0.065)
(484, -0.065)
(485, -0.066)
(486, -0.067)
(487, -0.068)
(488, -0.068)
(489, -0.069)
(490, -0.070)
(491, -0.071)
(492, -0.071)
(493, -0.072)
(494, -0.073)
(495, -0.074)
(496, -0.074)
(497, -0.075)
(498, -0.076)
(499, -0.076)
(500, -0.077)
}